chi2	0.1	0.05	0.025	0.01	0.001
1	2.706	3.841	5.024	6.635	10.828
2	4.605	5.991	7.378	9.210	13.816
3	6.251	7.815	9.348	11.345	16.266
4	7.779	9.488	11.143	13.277	18.467
5	9.236	11.070	12.833	15.086	20.515
6	10.645	12.592	14.449	16.812	22.458
7	12.017	14.067	16.013	18.475	24.322
8	13.362	15.507	17.535	20.090	26.124
9	14.684	16.919	19.023	21.666	27.877
10	15.987	18.307	20.483	23.209	29.588
11	17.275	19.675	21.920	24.725	31.264
12	18.549	21.026	23.337	26.217	32.909
13	19.812	22.362	24.736	27.688	34.528
14	21.064	23.685	26.119	29.141	36.123
15	22.307	24.996	27.488	30.578	37.697
16	23.542	26.296	28.845	32.000	39.252
17	24.769	27.587	30.191	33.409	40.790
18	25.989	28.869	31.526	34.805	42.312
19	27.204	30.144	32.852	36.191	43.820
20	28.412	31.410	34.170	37.566	45.315
21	29.615	32.671	35.479	38.932	46.797
22	30.813	33.924	36.781	40.289	48.268
23	32.007	35.172	38.076	41.638	49.728
24	33.196	36.415	39.364	42.980	51.179
25	34.382	37.652	40.646	44.314	52.620
26	35.563	38.885	41.923	45.642	54.052
27	36.741	40.113	43.195	46.963	55.476
28	37.916	41.337	44.461	48.278	56.892
29	39.087	42.557	45.722	49.588	58.301
30	40.256	43.773	46.979	50.892	59.703
31	41.422	44.985	48.232	52.191	61.098
32	42.585	46.194	49.480	53.486	62.487
33	43.745	47.400	50.725	54.776	63.870
34	44.903	48.602	51.966	56.061	65.247
35	46.059	49.802	53.203	57.342	66.619
36	47.212	50.998	54.437	58.619	67.985
37	48.363	52.192	55.668	59.893	69.346
38	49.513	53.384	56.896	61.162	70.703
39	50.660	54.572	58.120	62.428	72.055
40	51.805	55.758	59.342	63.691	73.402
41	52.949	56.942	60.561	64.950	74.745
42	54.090	58.124	61.777	66.206	76.084
43	55.230	59.304	62.990	67.459	77.419
44	56.369	60.481	64.201	68.710	78.750
45	57.505	61.656	65.410	69.957	80.077
46	58.641	62.830	66.617	71.201	81.400
47	59.774	64.001	67.821	72.443	82.720
48	60.907	65.171	69.023	73.683	84.037
49	62.038	66.339	70.222	74.919	85.351
50	63.167	67.505	71.420	76.154	86.661
51	64.295	68.669	72.616	77.386	87.968
52	65.422	69.832	73.810	78.616	89.272
53	66.548	70.993	75.002	79.843	90.573
54	67.673	72.153	76.192	81.069	91.872
55	68.796	73.311	77.380	82.292	93.168
56	69.919	74.468	78.567	83.513	94.461
57	71.040	75.624	79.752	84.733	95.751
58	72.160	76.778	80.936	85.950	97.039
59	73.279	77.931	82.117	87.166	98.324
60	74.397	79.082	83.298	88.379	99.607
61	75.514	80.232	84.476	89.591	100.888
62	76.630	81.381	85.654	90.802	102.166
63	77.745	82.529	86.830	92.010	103.442
64	78.860	83.675	88.004	93.217	104.716
65	79.973	84.821	89.177	94.422	105.988
66	81.085	85.965	90.349	95.626	107.258
67	82.197	87.108	91.519	96.828	108.526
68	83.308	88.250	92.689	98.028	109.791
69	84.418	89.391	93.856	99.228	111.055
70	85.527	90.531	95.023	100.425	112.317
71	86.635	91.670	96.189	101.621	113.577
72	87.743	92.808	97.353	102.816	114.835
73	88.850	93.945	98.516	104.010	116.092
74	89.956	95.081	99.678	105.202	117.346
75	91.061	96.217	100.839	106.393	118.599
76	92.166	97.351	101.999	107.583	119.850
77	93.270	98.484	103.158	108.771	121.100
78	94.374	99.617	104.316	109.958	122.348
79	95.476	100.749	105.473	111.144	123.594
80	96.578	101.879	106.629	112.329	124.839
81	97.680	103.010	107.783	113.512	126.083
82	98.780	104.139	108.937	114.695	127.324
83	99.880	105.267	110.090	115.876	128.565
84	100.980	106.395	111.242	117.057	129.804
85	102.079	107.522	112.393	118.236	131.041
86	103.177	108.648	113.544	119.414	132.277
87	104.275	109.773	114.693	120.591	133.512
88	105.372	110.898	115.841	121.767	134.745
89	106.469	112.022	116.989	122.942	135.978
90	107.565	113.145	118.136	124.116	137.208
91	108.661	114.268	119.282	125.289	138.438
92	109.756	115.390	120.427	126.462	139.666
93	110.850	116.511	121.571	127.633	140.893
94	111.944	117.632	122.715	128.803	142.119
95	113.038	118.752	123.858	129.973	143.344
96	114.131	119.871	125.000	131.141	144.567
97	115.223	120.990	126.141	132.309	145.789
98	116.315	122.108	127.282	133.476	147.010
99	117.407	123.225	128.422	134.642	148.230
100	118.498	124.342	129.561	135.807	149.449
101	119.589	125.458	130.700	136.971	150.667
102	120.679	126.574	131.838	138.134	151.884
103	121.769	127.689	132.975	139.297	153.099
104	122.858	128.804	134.111	140.459	154.314
105	123.947	129.918	135.247	141.620	155.528
106	125.035	131.031	136.382	142.780	156.740
107	126.123	132.144	137.517	143.940	157.952
108	127.211	133.257	138.651	145.099	159.162
109	128.298	134.369	139.784	146.257	160.372
110	129.385	135.480	140.917	147.414	161.581
111	130.472	136.591	142.049	148.571	162.788
112	131.558	137.701	143.180	149.727	163.995
113	132.643	138.811	144.311	150.882	165.201
114	133.729	139.921	145.441	152.037	166.406
115	134.813	141.030	146.571	153.191	167.610
116	135.898	142.138	147.700	154.344	168.813
117	136.982	143.246	148.829	155.496	170.016
118	138.066	144.354	149.957	156.648	171.217
119	139.149	145.461	151.084	157.800	172.418
120	140.233	146.567	152.211	158.950	173.617
121	141.315	147.674	153.338	160.100	174.816
122	142.398	148.779	154.464	161.250	176.014
123	143.480	149.885	155.589	162.398	177.212
124	144.562	150.989	156.714	163.546	178.408
125	145.643	152.094	157.839	164.694	179.604
126	146.724	153.198	158.962	165.841	180.799
127	147.805	154.302	160.086	166.987	181.993
128	148.885	155.405	161.209	168.133	183.186
129	149.965	156.508	162.331	169.278	184.379
130	151.045	157.610	163.453	170.423	185.571
131	152.125	158.712	164.575	171.567	186.762
132	153.204	159.814	165.696	172.711	187.953
133	154.283	160.915	166.816	173.854	189.142
134	155.361	162.016	167.936	174.996	190.331
135	156.440	163.116	169.056	176.138	191.520
136	157.518	164.216	170.175	177.280	192.707
137	158.595	165.316	171.294	178.421	193.894
138	159.673	166.415	172.412	179.561	195.080
139	160.750	167.514	173.530	180.701	196.266
140	161.827	168.613	174.648	181.840	197.451
141	162.904	169.711	175.765	182.979	198.635
142	163.980	170.809	176.882	184.118	199.819
143	165.056	171.907	177.998	185.256	201.002
144	166.132	173.004	179.114	186.393	202.184
145	167.207	174.101	180.229	187.530	203.366
146	168.283	175.198	181.344	188.666	204.547
147	169.358	176.294	182.459	189.802	205.727
148	170.432	177.390	183.573	190.938	206.907
149	171.507	178.485	184.687	192.073	208.086
150	172.581	179.581	185.800	193.208	209.265
151	173.655	180.676	186.914	194.342	210.443
152	174.729	181.770	188.026	195.476	211.620
153	175.803	182.865	189.139	196.609	212.797
154	176.876	183.959	190.251	197.742	213.973
155	177.949	185.052	191.362	198.874	215.149
156	179.022	186.146	192.474	200.006	216.324
157	180.094	187.239	193.584	201.138	217.499
158	181.167	188.332	194.695	202.269	218.673
159	182.239	189.424	195.805	203.400	219.846
160	183.311	190.516	196.915	204.530	221.019
161	184.382	191.608	198.025	205.660	222.191
162	185.454	192.700	199.134	206.790	223.363
163	186.525	193.791	200.243	207.919	224.535
164	187.596	194.883	201.351	209.047	225.705
165	188.667	195.973	202.459	210.176	226.876
166	189.737	197.064	203.567	211.304	228.045
167	190.808	198.154	204.675	212.431	229.215
168	191.878	199.244	205.782	213.558	230.383
169	192.948	200.334	206.889	214.685	231.552
170	194.017	201.423	207.995	215.812	232.719
171	195.087	202.513	209.102	216.938	233.887
172	196.156	203.602	210.208	218.063	235.053
173	197.225	204.690	211.313	219.189	236.220
174	198.294	205.779	212.419	220.314	237.385
175	199.363	206.867	213.524	221.438	238.551
176	200.432	207.955	214.628	222.563	239.716
177	201.500	209.042	215.733	223.687	240.880
178	202.568	210.130	216.837	224.810	242.044
179	203.636	211.217	217.941	225.933	243.207
180	204.704	212.304	219.044	227.056	244.370
181	205.771	213.391	220.148	228.179	245.533
182	206.839	214.477	221.251	229.301	246.695
183	207.906	215.563	222.353	230.423	247.857
184	208.973	216.649	223.456	231.544	249.018
185	210.040	217.735	224.558	232.665	250.179
186	211.106	218.820	225.660	233.786	251.339
187	212.173	219.906	226.761	234.907	252.499
188	213.239	220.991	227.863	236.027	253.659
189	214.305	222.076	228.964	237.147	254.818
190	215.371	223.160	230.064	238.266	255.976
191	216.437	224.245	231.165	239.386	257.135
192	217.502	225.329	232.265	240.505	258.292
193	218.568	226.413	233.365	241.623	259.450
194	219.633	227.496	234.465	242.742	260.607
195	220.698	228.580	235.564	243.860	261.763
196	221.763	229.663	236.664	244.977	262.920
197	222.828	230.746	237.763	246.095	264.075
198	223.892	231.829	238.861	247.212	265.231
199	224.957	232.912	239.960	248.329	266.386
200	226.021	233.994	241.058	249.445	267.541
201	227.085	235.077	242.156	250.561	268.695
202	228.149	236.159	243.254	251.677	269.849
203	229.213	237.240	244.351	252.793	271.002
204	230.276	238.322	245.448	253.908	272.155
205	231.340	239.403	246.545	255.023	273.308
206	232.403	240.485	247.642	256.138	274.460
207	233.466	241.566	248.739	257.253	275.612
208	234.529	242.647	249.835	258.367	276.764
209	235.592	243.727	250.931	259.481	277.915
210	236.655	244.808	252.027	260.595	279.066
211	237.717	245.888	253.122	261.708	280.217
212	238.780	246.968	254.218	262.821	281.367
213	239.842	248.048	255.313	263.934	282.517
214	240.904	249.128	256.408	265.047	283.666
215	241.966	250.207	257.503	266.159	284.815
216	243.028	251.286	258.597	267.271	285.964
217	244.090	252.365	259.691	268.383	287.112
218	245.151	253.444	260.785	269.495	288.261
219	246.213	254.523	261.879	270.606	289.408
220	247.274	255.602	262.973	271.717	290.556
221	248.335	256.680	264.066	272.828	291.703
222	249.396	257.758	265.159	273.939	292.850
223	250.457	258.837	266.252	275.049	293.996
224	251.517	259.914	267.345	276.159	295.142
225	252.578	260.992	268.438	277.269	296.288
226	253.638	262.070	269.530	278.379	297.433
227	254.699	263.147	270.622	279.488	298.579
228	255.759	264.224	271.714	280.597	299.723
229	256.819	265.301	272.806	281.706	300.868
230	257.879	266.378	273.898	282.814	302.012
231	258.939	267.455	274.989	283.923	303.156
232	259.998	268.531	276.080	285.031	304.299
233	261.058	269.608	277.171	286.139	305.443
234	262.117	270.684	278.262	287.247	306.586
235	263.176	271.760	279.352	288.354	307.728
236	264.235	272.836	280.443	289.461	308.871
237	265.294	273.911	281.533	290.568	310.013
238	266.353	274.987	282.623	291.675	311.154
239	267.412	276.062	283.713	292.782	312.296
240	268.471	277.138	284.802	293.888	313.437
241	269.529	278.213	285.892	294.994	314.578
242	270.588	279.288	286.981	296.100	315.718
243	271.646	280.362	288.070	297.206	316.859
244	272.704	281.437	289.159	298.311	317.999
245	273.762	282.511	290.248	299.417	319.138
246	274.820	283.586	291.336	300.522	320.278
247	275.878	284.660	292.425	301.626	321.417
248	276.935	285.734	293.513	302.731	322.556
249	277.993	286.808	294.601	303.835	323.694
250	279.050	287.882	295.689	304.940	324.832
251	280.108	288.955	296.776	306.044	325.970
252	281.165	290.028	297.864	307.147	327.108
253	282.222	291.102	298.951	308.251	328.246
254	283.279	292.175	300.038	309.354	329.383
255	284.336	293.248	301.125	310.457	330.520
256	285.393	294.321	302.212	311.560	331.656
257	286.449	295.393	303.298	312.663	332.793
258	287.506	296.466	304.385	313.766	333.929
259	288.562	297.538	305.471	314.868	335.065
260	289.619	298.611	306.557	315.970	336.200
261	290.675	299.683	307.643	317.072	337.336
262	291.731	300.755	308.729	318.174	338.471
263	292.787	301.827	309.814	319.275	339.606
264	293.843	302.898	310.900	320.377	340.740
265	294.899	303.970	311.985	321.478	341.874
266	295.954	305.041	313.070	322.579	343.008
267	297.010	306.113	314.155	323.680	344.142
268	298.065	307.184	315.240	324.780	345.276
269	299.121	308.255	316.325	325.881	346.409
270	300.176	309.326	317.409	326.981	347.542
271	301.231	310.397	318.494	328.081	348.675
272	302.286	311.467	319.578	329.181	349.808
273	303.341	312.538	320.662	330.281	350.940
274	304.396	313.608	321.746	331.380	352.072
275	305.451	314.678	322.829	332.480	353.204
276	306.505	315.749	323.913	333.579	354.335
277	307.560	316.819	324.996	334.678	355.467
278	308.614	317.888	326.079	335.776	356.598
279	309.669	318.958	327.163	336.875	357.729
280	310.723	320.028	328.246	337.974	358.859
281	311.777	321.097	329.328	339.072	359.990
282	312.831	322.167	330.411	340.170	361.120
283	313.885	323.236	331.493	341.268	362.250
284	314.939	324.305	332.576	342.365	363.380
285	315.993	325.374	333.658	343.463	364.509
286	317.047	326.443	334.740	344.560	365.639
287	318.100	327.512	335.822	345.658	366.768
288	319.154	328.580	336.904	346.755	367.896
289	320.207	329.649	337.986	347.852	369.025
290	321.260	330.717	339.067	348.948	370.153
291	322.314	331.786	340.148	350.045	371.282
292	323.367	332.854	341.230	351.141	372.410
293	324.420	333.922	342.311	352.237	373.537
294	325.473	334.990	343.392	353.334	374.665
295	326.526	336.058	344.472	354.429	375.792
296	327.578	337.125	345.553	355.525	376.919
297	328.631	338.193	346.634	356.621	378.046
298	329.684	339.260	347.714	357.716	379.173
299	330.736	340.328	348.794	358.811	380.299
300	331.789	341.395	349.874	359.906	381.425
