0.1	1	2	3	4	5	6	7	8	9	10	11	12	13	14	15	16	17	18	19	20	21	22	23	24	25	26	27	28	29	30	31	32	33	34	35	36	37	38	39	40	41	42	43	44	45	46	47	48	49	50	51	52	53	54	55	56	57	58	59	60	61	62	63	64	65	66	67	68	69	70	71	72	73	74	75	76	77	78	79	80	81	82	83	84	85	86	87	88	89	90	91	92	93	94	95	96	97	98	99	100
1	39.863	49.500	53.593	55.833	57.240	58.204	58.906	59.439	59.858	60.195	60.473	60.705	60.903	61.073	61.220	61.350	61.464	61.566	61.658	61.740	61.815	61.883	61.945	62.002	62.055	62.103	62.148	62.190	62.229	62.265	62.299	62.331	62.361	62.389	62.416	62.441	62.465	62.487	62.509	62.529	62.548	62.567	62.584	62.601	62.617	62.633	62.647	62.662	62.675	62.688	62.701	62.713	62.724	62.735	62.746	62.756	62.766	62.776	62.785	62.794	62.803	62.811	62.820	62.828	62.835	62.843	62.850	62.857	62.864	62.870	62.877	62.883	62.889	62.895	62.901	62.906	62.912	62.917	62.922	62.927	62.932	62.937	62.942	62.946	62.951	62.955	62.959	62.964	62.968	62.972	62.976	62.979	62.983	62.987	62.990	62.994	62.997	63.001	63.004	63.007
2	8.526	9.000	9.162	9.243	9.293	9.326	9.349	9.367	9.381	9.392	9.401	9.408	9.415	9.420	9.425	9.429	9.433	9.436	9.439	9.441	9.444	9.446	9.448	9.450	9.451	9.453	9.454	9.456	9.457	9.458	9.459	9.460	9.461	9.462	9.463	9.463	9.464	9.465	9.466	9.466	9.467	9.467	9.468	9.469	9.469	9.469	9.470	9.470	9.471	9.471	9.472	9.472	9.472	9.473	9.473	9.473	9.474	9.474	9.474	9.475	9.475	9.475	9.475	9.476	9.476	9.476	9.476	9.477	9.477	9.477	9.477	9.477	9.478	9.478	9.478	9.478	9.478	9.478	9.479	9.479	9.479	9.479	9.479	9.479	9.479	9.480	9.480	9.480	9.480	9.480	9.480	9.480	9.480	9.481	9.481	9.481	9.481	9.481	9.481	9.481
3	5.538	5.462	5.391	5.343	5.309	5.285	5.266	5.252	5.240	5.230	5.222	5.216	5.210	5.205	5.200	5.196	5.193	5.190	5.187	5.184	5.182	5.180	5.178	5.176	5.175	5.173	5.172	5.170	5.169	5.168	5.167	5.166	5.165	5.164	5.163	5.163	5.162	5.161	5.160	5.160	5.159	5.159	5.158	5.157	5.157	5.156	5.156	5.155	5.155	5.155	5.154	5.154	5.153	5.153	5.153	5.152	5.152	5.152	5.151	5.151	5.151	5.151	5.150	5.150	5.150	5.150	5.149	5.149	5.149	5.149	5.149	5.148	5.148	5.148	5.148	5.148	5.147	5.147	5.147	5.147	5.147	5.147	5.146	5.146	5.146	5.146	5.146	5.146	5.146	5.145	5.145	5.145	5.145	5.145	5.145	5.145	5.145	5.144	5.144	5.144
4	4.545	4.325	4.191	4.107	4.051	4.010	3.979	3.955	3.936	3.920	3.907	3.896	3.886	3.878	3.870	3.864	3.858	3.853	3.849	3.844	3.841	3.837	3.834	3.831	3.828	3.826	3.823	3.821	3.819	3.817	3.816	3.814	3.812	3.811	3.810	3.808	3.807	3.806	3.805	3.804	3.803	3.802	3.801	3.800	3.799	3.798	3.797	3.797	3.796	3.795	3.795	3.794	3.793	3.793	3.792	3.792	3.791	3.791	3.790	3.790	3.789	3.789	3.788	3.788	3.787	3.787	3.787	3.786	3.786	3.786	3.785	3.785	3.785	3.784	3.784	3.784	3.783	3.783	3.783	3.782	3.782	3.782	3.782	3.781	3.781	3.781	3.781	3.781	3.780	3.780	3.780	3.780	3.779	3.779	3.779	3.779	3.779	3.779	3.778	3.778
5	4.060	3.780	3.619	3.520	3.453	3.405	3.368	3.339	3.316	3.297	3.282	3.268	3.257	3.247	3.238	3.230	3.223	3.217	3.212	3.207	3.202	3.198	3.194	3.191	3.187	3.184	3.181	3.179	3.176	3.174	3.172	3.170	3.168	3.166	3.165	3.163	3.161	3.160	3.159	3.157	3.156	3.155	3.154	3.153	3.152	3.151	3.150	3.149	3.148	3.147	3.146	3.146	3.145	3.144	3.143	3.143	3.142	3.141	3.141	3.140	3.140	3.139	3.139	3.138	3.138	3.137	3.137	3.136	3.136	3.135	3.135	3.134	3.134	3.134	3.133	3.133	3.133	3.132	3.132	3.132	3.131	3.131	3.131	3.130	3.130	3.130	3.129	3.129	3.129	3.129	3.128	3.128	3.128	3.128	3.127	3.127	3.127	3.127	3.127	3.126
6	3.776	3.463	3.289	3.181	3.108	3.055	3.014	2.983	2.958	2.937	2.920	2.905	2.892	2.881	2.871	2.863	2.855	2.848	2.842	2.836	2.831	2.827	2.822	2.818	2.815	2.811	2.808	2.805	2.803	2.800	2.798	2.795	2.793	2.791	2.789	2.787	2.786	2.784	2.783	2.781	2.780	2.778	2.777	2.776	2.775	2.774	2.773	2.772	2.771	2.770	2.769	2.768	2.767	2.766	2.765	2.765	2.764	2.763	2.763	2.762	2.761	2.761	2.760	2.760	2.759	2.758	2.758	2.757	2.757	2.756	2.756	2.755	2.755	2.755	2.754	2.754	2.753	2.753	2.753	2.752	2.752	2.751	2.751	2.751	2.750	2.750	2.750	2.749	2.749	2.749	2.749	2.748	2.748	2.748	2.748	2.747	2.747	2.747	2.746	2.746
7	3.589	3.257	3.074	2.961	2.883	2.827	2.785	2.752	2.725	2.703	2.684	2.668	2.654	2.643	2.632	2.623	2.615	2.607	2.601	2.595	2.589	2.584	2.580	2.575	2.571	2.568	2.564	2.561	2.558	2.555	2.553	2.550	2.548	2.546	2.544	2.542	2.540	2.538	2.537	2.535	2.534	2.532	2.531	2.529	2.528	2.527	2.526	2.525	2.524	2.523	2.522	2.521	2.520	2.519	2.518	2.517	2.516	2.516	2.515	2.514	2.514	2.513	2.512	2.512	2.511	2.510	2.510	2.509	2.509	2.508	2.508	2.507	2.507	2.506	2.506	2.505	2.505	2.504	2.504	2.504	2.503	2.503	2.502	2.502	2.502	2.501	2.501	2.501	2.500	2.500	2.500	2.499	2.499	2.499	2.498	2.498	2.498	2.498	2.497	2.497
8	3.458	3.113	2.924	2.806	2.726	2.668	2.624	2.589	2.561	2.538	2.519	2.502	2.488	2.475	2.464	2.455	2.446	2.438	2.431	2.425	2.419	2.413	2.409	2.404	2.400	2.396	2.392	2.389	2.386	2.383	2.380	2.378	2.375	2.373	2.371	2.369	2.367	2.365	2.363	2.361	2.360	2.358	2.357	2.355	2.354	2.353	2.351	2.350	2.349	2.348	2.347	2.346	2.345	2.344	2.343	2.342	2.341	2.341	2.340	2.339	2.338	2.338	2.337	2.336	2.336	2.335	2.334	2.334	2.333	2.333	2.332	2.332	2.331	2.331	2.330	2.330	2.329	2.329	2.328	2.328	2.327	2.327	2.326	2.326	2.326	2.325	2.325	2.325	2.324	2.324	2.324	2.323	2.323	2.323	2.322	2.322	2.322	2.321	2.321	2.321
9	3.360	3.006	2.813	2.693	2.611	2.551	2.505	2.469	2.440	2.416	2.396	2.379	2.364	2.351	2.340	2.329	2.320	2.312	2.305	2.298	2.292	2.287	2.282	2.277	2.272	2.268	2.265	2.261	2.258	2.255	2.252	2.249	2.247	2.244	2.242	2.240	2.238	2.236	2.234	2.232	2.230	2.229	2.227	2.226	2.224	2.223	2.222	2.220	2.219	2.218	2.217	2.216	2.215	2.214	2.213	2.212	2.211	2.210	2.209	2.208	2.208	2.207	2.206	2.206	2.205	2.204	2.203	2.203	2.202	2.202	2.201	2.201	2.200	2.199	2.199	2.198	2.198	2.197	2.197	2.196	2.196	2.196	2.195	2.195	2.194	2.194	2.194	2.193	2.193	2.192	2.192	2.192	2.191	2.191	2.191	2.190	2.190	2.190	2.189	2.189
10	3.285	2.924	2.728	2.605	2.522	2.461	2.414	2.377	2.347	2.323	2.302	2.284	2.269	2.255	2.244	2.233	2.224	2.215	2.208	2.201	2.194	2.189	2.183	2.178	2.174	2.170	2.166	2.162	2.159	2.155	2.152	2.150	2.147	2.144	2.142	2.140	2.138	2.135	2.134	2.132	2.130	2.128	2.127	2.125	2.124	2.122	2.121	2.120	2.118	2.117	2.116	2.115	2.114	2.113	2.112	2.111	2.110	2.109	2.108	2.107	2.106	2.106	2.105	2.104	2.103	2.103	2.102	2.101	2.101	2.100	2.099	2.099	2.098	2.098	2.097	2.097	2.096	2.096	2.095	2.095	2.094	2.094	2.093	2.093	2.092	2.092	2.092	2.091	2.091	2.090	2.090	2.090	2.089	2.089	2.089	2.088	2.088	2.088	2.087	2.087
11	3.225	2.860	2.660	2.536	2.451	2.389	2.342	2.304	2.274	2.248	2.227	2.209	2.193	2.179	2.167	2.156	2.147	2.138	2.130	2.123	2.117	2.111	2.105	2.100	2.095	2.091	2.087	2.083	2.080	2.076	2.073	2.070	2.067	2.065	2.062	2.060	2.058	2.056	2.054	2.052	2.050	2.048	2.046	2.045	2.043	2.042	2.040	2.039	2.038	2.036	2.035	2.034	2.033	2.032	2.031	2.030	2.029	2.028	2.027	2.026	2.025	2.024	2.024	2.023	2.022	2.021	2.021	2.020	2.019	2.019	2.018	2.017	2.017	2.016	2.016	2.015	2.015	2.014	2.014	2.013	2.013	2.012	2.012	2.011	2.011	2.010	2.010	2.009	2.009	2.009	2.008	2.008	2.007	2.007	2.007	2.006	2.006	2.006	2.005	2.005
12	3.177	2.807	2.606	2.480	2.394	2.331	2.283	2.245	2.214	2.188	2.166	2.147	2.131	2.117	2.105	2.094	2.084	2.075	2.067	2.060	2.053	2.047	2.041	2.036	2.031	2.027	2.022	2.019	2.015	2.011	2.008	2.005	2.002	2.000	1.997	1.995	1.992	1.990	1.988	1.986	1.984	1.982	1.981	1.979	1.977	1.976	1.974	1.973	1.972	1.970	1.969	1.968	1.967	1.966	1.965	1.964	1.963	1.962	1.961	1.960	1.959	1.958	1.957	1.956	1.956	1.955	1.954	1.953	1.953	1.952	1.951	1.951	1.950	1.949	1.949	1.948	1.948	1.947	1.947	1.946	1.946	1.945	1.945	1.944	1.944	1.943	1.943	1.942	1.942	1.942	1.941	1.941	1.940	1.940	1.940	1.939	1.939	1.939	1.938	1.938
13	3.136	2.763	2.560	2.434	2.347	2.283	2.234	2.195	2.164	2.138	2.116	2.097	2.080	2.066	2.053	2.042	2.032	2.023	2.014	2.007	2.000	1.994	1.988	1.983	1.978	1.973	1.969	1.965	1.961	1.958	1.954	1.951	1.948	1.945	1.943	1.940	1.938	1.936	1.934	1.931	1.930	1.928	1.926	1.924	1.923	1.921	1.919	1.918	1.917	1.915	1.914	1.913	1.912	1.910	1.909	1.908	1.907	1.906	1.905	1.904	1.903	1.902	1.902	1.901	1.900	1.899	1.898	1.898	1.897	1.896	1.896	1.895	1.894	1.894	1.893	1.892	1.892	1.891	1.891	1.890	1.890	1.889	1.889	1.888	1.888	1.887	1.887	1.886	1.886	1.886	1.885	1.885	1.884	1.884	1.884	1.883	1.883	1.882	1.882	1.882
14	3.102	2.726	2.522	2.395	2.307	2.243	2.193	2.154	2.122	2.095	2.073	2.054	2.037	2.022	2.010	1.998	1.988	1.978	1.970	1.962	1.955	1.949	1.943	1.938	1.933	1.928	1.923	1.919	1.916	1.912	1.909	1.905	1.902	1.899	1.897	1.894	1.892	1.889	1.887	1.885	1.883	1.881	1.879	1.878	1.876	1.874	1.873	1.871	1.870	1.869	1.867	1.866	1.865	1.864	1.862	1.861	1.860	1.859	1.858	1.857	1.856	1.855	1.855	1.854	1.853	1.852	1.851	1.850	1.850	1.849	1.848	1.848	1.847	1.846	1.846	1.845	1.844	1.844	1.843	1.843	1.842	1.842	1.841	1.841	1.840	1.840	1.839	1.839	1.838	1.838	1.837	1.837	1.837	1.836	1.836	1.835	1.835	1.835	1.834	1.834
15	3.073	2.695	2.490	2.361	2.273	2.208	2.158	2.119	2.086	2.059	2.037	2.017	2.000	1.985	1.972	1.961	1.950	1.941	1.932	1.924	1.917	1.911	1.905	1.899	1.894	1.889	1.885	1.880	1.876	1.873	1.869	1.866	1.863	1.860	1.857	1.855	1.852	1.850	1.848	1.845	1.843	1.841	1.840	1.838	1.836	1.834	1.833	1.831	1.830	1.828	1.827	1.826	1.824	1.823	1.822	1.821	1.820	1.819	1.818	1.817	1.816	1.815	1.814	1.813	1.812	1.811	1.811	1.810	1.809	1.808	1.808	1.807	1.806	1.806	1.805	1.804	1.804	1.803	1.803	1.802	1.801	1.801	1.800	1.800	1.799	1.799	1.798	1.798	1.797	1.797	1.796	1.796	1.796	1.795	1.795	1.794	1.794	1.794	1.793	1.793
16	3.048	2.668	2.462	2.333	2.244	2.178	2.128	2.088	2.055	2.028	2.005	1.985	1.968	1.953	1.940	1.928	1.917	1.908	1.899	1.891	1.884	1.877	1.871	1.866	1.860	1.855	1.851	1.847	1.843	1.839	1.835	1.832	1.829	1.826	1.823	1.820	1.818	1.815	1.813	1.811	1.809	1.807	1.805	1.803	1.801	1.800	1.798	1.796	1.795	1.793	1.792	1.791	1.789	1.788	1.787	1.786	1.785	1.784	1.783	1.782	1.781	1.780	1.779	1.778	1.777	1.776	1.775	1.774	1.774	1.773	1.772	1.771	1.771	1.770	1.769	1.769	1.768	1.768	1.767	1.766	1.766	1.765	1.765	1.764	1.764	1.763	1.763	1.762	1.762	1.761	1.761	1.760	1.760	1.759	1.759	1.759	1.758	1.758	1.757	1.757
17	3.026	2.645	2.437	2.308	2.218	2.152	2.102	2.061	2.028	2.001	1.978	1.958	1.940	1.925	1.912	1.900	1.889	1.879	1.870	1.862	1.855	1.848	1.842	1.836	1.831	1.826	1.821	1.817	1.813	1.809	1.805	1.802	1.799	1.796	1.793	1.790	1.788	1.785	1.783	1.781	1.778	1.776	1.774	1.773	1.771	1.769	1.767	1.766	1.764	1.763	1.761	1.760	1.759	1.757	1.756	1.755	1.754	1.753	1.752	1.751	1.750	1.749	1.748	1.747	1.746	1.745	1.744	1.743	1.743	1.742	1.741	1.740	1.740	1.739	1.738	1.738	1.737	1.736	1.736	1.735	1.734	1.734	1.733	1.733	1.732	1.732	1.731	1.731	1.730	1.730	1.729	1.729	1.728	1.728	1.728	1.727	1.727	1.726	1.726	1.726
18	3.007	2.624	2.416	2.286	2.196	2.130	2.079	2.038	2.005	1.977	1.954	1.933	1.916	1.900	1.887	1.875	1.864	1.854	1.845	1.837	1.829	1.823	1.816	1.810	1.805	1.800	1.795	1.791	1.787	1.783	1.779	1.776	1.772	1.769	1.766	1.764	1.761	1.758	1.756	1.754	1.752	1.749	1.747	1.746	1.744	1.742	1.740	1.739	1.737	1.736	1.734	1.733	1.731	1.730	1.729	1.728	1.727	1.725	1.724	1.723	1.722	1.721	1.720	1.719	1.718	1.717	1.717	1.716	1.715	1.714	1.713	1.713	1.712	1.711	1.711	1.710	1.709	1.709	1.708	1.707	1.707	1.706	1.706	1.705	1.704	1.704	1.703	1.703	1.702	1.702	1.701	1.701	1.701	1.700	1.700	1.699	1.699	1.698	1.698	1.698
19	2.990	2.606	2.397	2.266	2.176	2.109	2.058	2.017	1.984	1.956	1.932	1.912	1.894	1.878	1.865	1.852	1.841	1.831	1.822	1.814	1.807	1.800	1.793	1.787	1.782	1.777	1.772	1.767	1.763	1.759	1.756	1.752	1.749	1.746	1.743	1.740	1.737	1.735	1.732	1.730	1.728	1.725	1.723	1.721	1.720	1.718	1.716	1.714	1.713	1.711	1.710	1.708	1.707	1.706	1.705	1.703	1.702	1.701	1.700	1.699	1.698	1.697	1.696	1.695	1.694	1.693	1.692	1.691	1.690	1.690	1.689	1.688	1.687	1.687	1.686	1.685	1.684	1.684	1.683	1.683	1.682	1.681	1.681	1.680	1.680	1.679	1.679	1.678	1.678	1.677	1.677	1.676	1.676	1.675	1.675	1.674	1.674	1.673	1.673	1.673
20	2.975	2.589	2.380	2.249	2.158	2.091	2.040	1.999	1.965	1.937	1.913	1.892	1.875	1.859	1.845	1.833	1.821	1.811	1.802	1.794	1.786	1.779	1.773	1.767	1.761	1.756	1.751	1.746	1.742	1.738	1.734	1.731	1.728	1.724	1.721	1.718	1.716	1.713	1.711	1.708	1.706	1.704	1.702	1.700	1.698	1.696	1.694	1.693	1.691	1.690	1.688	1.687	1.685	1.684	1.683	1.681	1.680	1.679	1.678	1.677	1.676	1.675	1.674	1.673	1.672	1.671	1.670	1.669	1.668	1.667	1.667	1.666	1.665	1.664	1.664	1.663	1.662	1.662	1.661	1.660	1.660	1.659	1.658	1.658	1.657	1.657	1.656	1.656	1.655	1.655	1.654	1.654	1.653	1.653	1.652	1.652	1.651	1.651	1.651	1.650
21	2.961	2.575	2.365	2.233	2.142	2.075	2.023	1.982	1.948	1.920	1.896	1.875	1.857	1.841	1.827	1.815	1.803	1.793	1.784	1.776	1.768	1.761	1.754	1.748	1.742	1.737	1.732	1.728	1.723	1.719	1.715	1.712	1.708	1.705	1.702	1.699	1.696	1.694	1.691	1.689	1.687	1.684	1.682	1.680	1.678	1.677	1.675	1.673	1.672	1.670	1.668	1.667	1.666	1.664	1.663	1.662	1.660	1.659	1.658	1.657	1.656	1.655	1.654	1.653	1.652	1.651	1.650	1.649	1.648	1.647	1.647	1.646	1.645	1.644	1.644	1.643	1.642	1.641	1.641	1.640	1.639	1.639	1.638	1.638	1.637	1.637	1.636	1.635	1.635	1.634	1.634	1.633	1.633	1.632	1.632	1.632	1.631	1.631	1.630	1.630
22	2.949	2.561	2.351	2.219	2.128	2.060	2.008	1.967	1.933	1.904	1.880	1.859	1.841	1.825	1.811	1.798	1.787	1.777	1.768	1.759	1.751	1.744	1.737	1.731	1.726	1.720	1.715	1.711	1.706	1.702	1.698	1.695	1.691	1.688	1.685	1.682	1.679	1.676	1.674	1.671	1.669	1.667	1.665	1.663	1.661	1.659	1.657	1.655	1.654	1.652	1.651	1.649	1.648	1.646	1.645	1.644	1.642	1.641	1.640	1.639	1.638	1.637	1.636	1.635	1.634	1.633	1.632	1.631	1.630	1.629	1.628	1.628	1.627	1.626	1.625	1.625	1.624	1.623	1.622	1.622	1.621	1.621	1.620	1.619	1.619	1.618	1.618	1.617	1.617	1.616	1.615	1.615	1.614	1.614	1.614	1.613	1.613	1.612	1.612	1.611
23	2.937	2.549	2.339	2.207	2.115	2.047	1.995	1.953	1.919	1.890	1.866	1.845	1.827	1.811	1.796	1.784	1.772	1.762	1.753	1.744	1.736	1.729	1.722	1.716	1.710	1.705	1.700	1.695	1.691	1.686	1.683	1.679	1.675	1.672	1.669	1.666	1.663	1.660	1.658	1.655	1.653	1.651	1.649	1.647	1.645	1.643	1.641	1.639	1.637	1.636	1.634	1.633	1.631	1.630	1.629	1.627	1.626	1.625	1.624	1.622	1.621	1.620	1.619	1.618	1.617	1.616	1.615	1.614	1.613	1.613	1.612	1.611	1.610	1.609	1.609	1.608	1.607	1.606	1.606	1.605	1.604	1.604	1.603	1.603	1.602	1.601	1.601	1.600	1.600	1.599	1.599	1.598	1.598	1.597	1.597	1.596	1.596	1.595	1.595	1.594
24	2.927	2.538	2.327	2.195	2.103	2.035	1.983	1.941	1.906	1.877	1.853	1.832	1.814	1.797	1.783	1.770	1.759	1.748	1.739	1.730	1.722	1.715	1.708	1.702	1.696	1.691	1.686	1.681	1.676	1.672	1.668	1.664	1.661	1.658	1.654	1.651	1.648	1.646	1.643	1.641	1.638	1.636	1.634	1.632	1.630	1.628	1.626	1.624	1.623	1.621	1.619	1.618	1.616	1.615	1.613	1.612	1.611	1.610	1.608	1.607	1.606	1.605	1.604	1.603	1.602	1.601	1.600	1.599	1.598	1.597	1.596	1.596	1.595	1.594	1.593	1.593	1.592	1.591	1.590	1.590	1.589	1.588	1.588	1.587	1.587	1.586	1.585	1.585	1.584	1.584	1.583	1.583	1.582	1.582	1.581	1.581	1.580	1.580	1.579	1.579
25	2.918	2.528	2.317	2.184	2.092	2.024	1.971	1.929	1.895	1.866	1.841	1.820	1.802	1.785	1.771	1.758	1.746	1.736	1.726	1.718	1.710	1.702	1.695	1.689	1.683	1.678	1.672	1.668	1.663	1.659	1.655	1.651	1.648	1.644	1.641	1.638	1.635	1.632	1.630	1.627	1.625	1.622	1.620	1.618	1.616	1.614	1.612	1.611	1.609	1.607	1.606	1.604	1.603	1.601	1.600	1.598	1.597	1.596	1.595	1.593	1.592	1.591	1.590	1.589	1.588	1.587	1.586	1.585	1.584	1.583	1.582	1.582	1.581	1.580	1.579	1.578	1.578	1.577	1.576	1.576	1.575	1.574	1.574	1.573	1.572	1.572	1.571	1.571	1.570	1.569	1.569	1.568	1.568	1.567	1.567	1.566	1.566	1.565	1.565	1.565
26	2.909	2.519	2.307	2.174	2.082	2.014	1.961	1.919	1.884	1.855	1.830	1.809	1.790	1.774	1.760	1.747	1.735	1.724	1.715	1.706	1.698	1.690	1.683	1.677	1.671	1.666	1.660	1.656	1.651	1.647	1.643	1.639	1.635	1.632	1.629	1.626	1.623	1.620	1.617	1.615	1.612	1.610	1.608	1.606	1.604	1.602	1.600	1.598	1.596	1.594	1.593	1.591	1.590	1.588	1.587	1.586	1.584	1.583	1.582	1.581	1.579	1.578	1.577	1.576	1.575	1.574	1.573	1.572	1.571	1.570	1.569	1.569	1.568	1.567	1.566	1.565	1.565	1.564	1.563	1.562	1.562	1.561	1.560	1.560	1.559	1.559	1.558	1.557	1.557	1.556	1.556	1.555	1.555	1.554	1.554	1.553	1.553	1.552	1.552	1.551
27	2.901	2.511	2.299	2.165	2.073	2.005	1.952	1.909	1.874	1.845	1.820	1.799	1.780	1.764	1.749	1.736	1.724	1.714	1.704	1.695	1.687	1.680	1.673	1.666	1.660	1.655	1.649	1.645	1.640	1.636	1.632	1.628	1.624	1.621	1.617	1.614	1.611	1.608	1.606	1.603	1.601	1.598	1.596	1.594	1.592	1.590	1.588	1.586	1.584	1.583	1.581	1.580	1.578	1.576	1.575	1.574	1.572	1.571	1.570	1.569	1.567	1.566	1.565	1.564	1.563	1.562	1.561	1.560	1.559	1.558	1.557	1.556	1.556	1.555	1.554	1.553	1.552	1.552	1.551	1.550	1.550	1.549	1.548	1.548	1.547	1.546	1.546	1.545	1.545	1.544	1.544	1.543	1.542	1.542	1.541	1.541	1.540	1.540	1.539	1.539
28	2.894	2.503	2.291	2.157	2.064	1.996	1.943	1.900	1.865	1.836	1.811	1.790	1.771	1.754	1.740	1.726	1.715	1.704	1.694	1.685	1.677	1.669	1.662	1.656	1.650	1.644	1.639	1.634	1.630	1.625	1.621	1.617	1.614	1.610	1.607	1.604	1.601	1.598	1.595	1.592	1.590	1.588	1.585	1.583	1.581	1.579	1.577	1.575	1.574	1.572	1.570	1.569	1.567	1.566	1.564	1.563	1.561	1.560	1.559	1.558	1.556	1.555	1.554	1.553	1.552	1.551	1.550	1.549	1.548	1.547	1.546	1.545	1.544	1.544	1.543	1.542	1.541	1.540	1.540	1.539	1.538	1.538	1.537	1.536	1.536	1.535	1.534	1.534	1.533	1.533	1.532	1.532	1.531	1.531	1.530	1.529	1.529	1.529	1.528	1.528
29	2.887	2.495	2.283	2.149	2.057	1.988	1.935	1.892	1.857	1.827	1.802	1.781	1.762	1.745	1.731	1.717	1.705	1.695	1.685	1.676	1.668	1.660	1.653	1.647	1.640	1.635	1.630	1.625	1.620	1.616	1.611	1.607	1.604	1.600	1.597	1.594	1.591	1.588	1.585	1.583	1.580	1.578	1.575	1.573	1.571	1.569	1.567	1.565	1.563	1.562	1.560	1.558	1.557	1.555	1.554	1.552	1.551	1.550	1.548	1.547	1.546	1.545	1.544	1.543	1.542	1.540	1.539	1.539	1.538	1.537	1.536	1.535	1.534	1.533	1.532	1.532	1.531	1.530	1.529	1.529	1.528	1.527	1.526	1.526	1.525	1.524	1.524	1.523	1.523	1.522	1.522	1.521	1.520	1.520	1.519	1.519	1.518	1.518	1.517	1.517
30	2.881	2.489	2.276	2.142	2.049	1.980	1.927	1.884	1.849	1.819	1.794	1.773	1.754	1.737	1.722	1.709	1.697	1.686	1.676	1.667	1.659	1.651	1.644	1.638	1.632	1.626	1.621	1.616	1.611	1.606	1.602	1.598	1.595	1.591	1.588	1.585	1.582	1.579	1.576	1.573	1.571	1.568	1.566	1.564	1.562	1.560	1.558	1.556	1.554	1.552	1.550	1.549	1.547	1.546	1.544	1.543	1.541	1.540	1.539	1.538	1.536	1.535	1.534	1.533	1.532	1.531	1.530	1.529	1.528	1.527	1.526	1.525	1.524	1.523	1.523	1.522	1.521	1.520	1.519	1.519	1.518	1.517	1.517	1.516	1.515	1.515	1.514	1.513	1.513	1.512	1.512	1.511	1.510	1.510	1.509	1.509	1.508	1.508	1.507	1.507
31	2.875	2.482	2.270	2.136	2.042	1.973	1.920	1.877	1.842	1.812	1.787	1.765	1.746	1.729	1.714	1.701	1.689	1.678	1.668	1.659	1.651	1.643	1.636	1.630	1.623	1.618	1.612	1.607	1.602	1.598	1.594	1.590	1.586	1.583	1.579	1.576	1.573	1.570	1.567	1.565	1.562	1.560	1.557	1.555	1.553	1.551	1.549	1.547	1.545	1.543	1.542	1.540	1.538	1.537	1.535	1.534	1.532	1.531	1.530	1.529	1.527	1.526	1.525	1.524	1.523	1.522	1.521	1.520	1.519	1.518	1.517	1.516	1.515	1.514	1.513	1.513	1.512	1.511	1.510	1.509	1.509	1.508	1.507	1.507	1.506	1.505	1.505	1.504	1.503	1.503	1.502	1.502	1.501	1.501	1.500	1.500	1.499	1.499	1.498	1.498
32	2.869	2.477	2.263	2.129	2.036	1.967	1.913	1.870	1.835	1.805	1.780	1.758	1.739	1.722	1.707	1.694	1.682	1.671	1.661	1.652	1.643	1.636	1.628	1.622	1.616	1.610	1.604	1.599	1.595	1.590	1.586	1.582	1.578	1.575	1.571	1.568	1.565	1.562	1.559	1.556	1.554	1.551	1.549	1.547	1.545	1.542	1.540	1.539	1.537	1.535	1.533	1.532	1.530	1.528	1.527	1.525	1.524	1.523	1.521	1.520	1.519	1.518	1.516	1.515	1.514	1.513	1.512	1.511	1.510	1.509	1.508	1.507	1.506	1.506	1.505	1.504	1.503	1.502	1.502	1.501	1.500	1.499	1.499	1.498	1.497	1.497	1.496	1.495	1.495	1.494	1.494	1.493	1.492	1.492	1.491	1.491	1.490	1.490	1.489	1.489
33	2.864	2.471	2.258	2.123	2.030	1.961	1.907	1.864	1.828	1.799	1.773	1.751	1.732	1.715	1.700	1.687	1.675	1.664	1.654	1.645	1.636	1.628	1.621	1.615	1.608	1.603	1.597	1.592	1.587	1.583	1.578	1.574	1.571	1.567	1.564	1.560	1.557	1.554	1.551	1.549	1.546	1.544	1.541	1.539	1.537	1.535	1.533	1.531	1.529	1.527	1.525	1.524	1.522	1.520	1.519	1.517	1.516	1.515	1.513	1.512	1.511	1.510	1.508	1.507	1.506	1.505	1.504	1.503	1.502	1.501	1.500	1.499	1.498	1.497	1.497	1.496	1.495	1.494	1.493	1.493	1.492	1.491	1.490	1.490	1.489	1.488	1.488	1.487	1.487	1.486	1.485	1.485	1.484	1.484	1.483	1.483	1.482	1.481	1.481	1.480
34	2.859	2.466	2.252	2.118	2.024	1.955	1.901	1.858	1.822	1.793	1.767	1.745	1.726	1.709	1.694	1.680	1.668	1.657	1.647	1.638	1.630	1.622	1.614	1.608	1.601	1.596	1.590	1.585	1.580	1.576	1.571	1.567	1.564	1.560	1.556	1.553	1.550	1.547	1.544	1.541	1.539	1.536	1.534	1.532	1.529	1.527	1.525	1.523	1.522	1.520	1.518	1.516	1.515	1.513	1.512	1.510	1.509	1.507	1.506	1.505	1.503	1.502	1.501	1.500	1.499	1.498	1.496	1.495	1.494	1.493	1.492	1.492	1.491	1.490	1.489	1.488	1.487	1.486	1.486	1.485	1.484	1.483	1.483	1.482	1.481	1.481	1.480	1.479	1.479	1.478	1.478	1.477	1.476	1.476	1.475	1.475	1.474	1.474	1.473	1.473
35	2.855	2.461	2.247	2.113	2.019	1.950	1.896	1.852	1.817	1.787	1.761	1.739	1.720	1.703	1.688	1.674	1.662	1.651	1.641	1.632	1.623	1.615	1.608	1.601	1.595	1.589	1.584	1.579	1.574	1.569	1.565	1.561	1.557	1.553	1.550	1.546	1.543	1.540	1.537	1.535	1.532	1.530	1.527	1.525	1.523	1.520	1.518	1.516	1.515	1.513	1.511	1.509	1.508	1.506	1.504	1.503	1.502	1.500	1.499	1.497	1.496	1.495	1.494	1.493	1.491	1.490	1.489	1.488	1.487	1.486	1.485	1.484	1.483	1.483	1.482	1.481	1.480	1.479	1.478	1.478	1.477	1.476	1.475	1.475	1.474	1.473	1.473	1.472	1.471	1.471	1.470	1.470	1.469	1.468	1.468	1.467	1.467	1.466	1.466	1.465
36	2.850	2.456	2.243	2.108	2.014	1.945	1.891	1.847	1.811	1.781	1.756	1.734	1.715	1.697	1.682	1.669	1.656	1.645	1.635	1.626	1.617	1.609	1.602	1.595	1.589	1.583	1.578	1.572	1.567	1.563	1.559	1.554	1.551	1.547	1.543	1.540	1.537	1.534	1.531	1.528	1.526	1.523	1.521	1.518	1.516	1.514	1.512	1.510	1.508	1.506	1.504	1.503	1.501	1.499	1.498	1.496	1.495	1.493	1.492	1.491	1.489	1.488	1.487	1.486	1.485	1.484	1.483	1.481	1.480	1.479	1.478	1.478	1.477	1.476	1.475	1.474	1.473	1.472	1.472	1.471	1.470	1.469	1.469	1.468	1.467	1.466	1.466	1.465	1.464	1.464	1.463	1.463	1.462	1.461	1.461	1.460	1.460	1.459	1.459	1.458
37	2.846	2.452	2.238	2.103	2.009	1.940	1.886	1.842	1.806	1.776	1.751	1.729	1.709	1.692	1.677	1.663	1.651	1.640	1.630	1.620	1.612	1.604	1.596	1.590	1.583	1.577	1.572	1.567	1.562	1.557	1.553	1.548	1.545	1.541	1.537	1.534	1.531	1.528	1.525	1.522	1.519	1.517	1.514	1.512	1.510	1.508	1.506	1.504	1.502	1.500	1.498	1.496	1.495	1.493	1.491	1.490	1.489	1.487	1.486	1.484	1.483	1.482	1.481	1.479	1.478	1.477	1.476	1.475	1.474	1.473	1.472	1.471	1.470	1.469	1.468	1.467	1.467	1.466	1.465	1.464	1.463	1.463	1.462	1.461	1.461	1.460	1.459	1.459	1.458	1.457	1.457	1.456	1.455	1.455	1.454	1.454	1.453	1.453	1.452	1.452
38	2.842	2.448	2.234	2.099	2.005	1.935	1.881	1.838	1.802	1.772	1.746	1.724	1.704	1.687	1.672	1.658	1.646	1.635	1.624	1.615	1.606	1.598	1.591	1.584	1.578	1.572	1.566	1.561	1.556	1.551	1.547	1.543	1.539	1.535	1.532	1.528	1.525	1.522	1.519	1.516	1.514	1.511	1.509	1.506	1.504	1.502	1.500	1.498	1.496	1.494	1.492	1.490	1.489	1.487	1.486	1.484	1.483	1.481	1.480	1.478	1.477	1.476	1.475	1.473	1.472	1.471	1.470	1.469	1.468	1.467	1.466	1.465	1.464	1.463	1.462	1.461	1.460	1.460	1.459	1.458	1.457	1.456	1.456	1.455	1.454	1.454	1.453	1.452	1.452	1.451	1.450	1.450	1.449	1.449	1.448	1.447	1.447	1.446	1.446	1.445
39	2.839	2.444	2.230	2.095	2.001	1.931	1.877	1.833	1.797	1.767	1.741	1.719	1.700	1.682	1.667	1.653	1.641	1.630	1.619	1.610	1.601	1.593	1.586	1.579	1.573	1.567	1.561	1.556	1.551	1.546	1.542	1.538	1.534	1.530	1.526	1.523	1.520	1.517	1.514	1.511	1.508	1.506	1.503	1.501	1.498	1.496	1.494	1.492	1.490	1.488	1.486	1.485	1.483	1.481	1.480	1.478	1.477	1.475	1.474	1.473	1.471	1.470	1.469	1.468	1.466	1.465	1.464	1.463	1.462	1.461	1.460	1.459	1.458	1.457	1.456	1.455	1.455	1.454	1.453	1.452	1.451	1.451	1.450	1.449	1.448	1.448	1.447	1.446	1.446	1.445	1.444	1.444	1.443	1.443	1.442	1.441	1.441	1.440	1.440	1.439
40	2.835	2.440	2.226	2.091	1.997	1.927	1.873	1.829	1.793	1.763	1.737	1.715	1.695	1.678	1.662	1.649	1.636	1.625	1.615	1.605	1.596	1.588	1.581	1.574	1.568	1.562	1.556	1.551	1.546	1.541	1.537	1.532	1.528	1.525	1.521	1.518	1.514	1.511	1.508	1.506	1.503	1.500	1.498	1.495	1.493	1.491	1.489	1.487	1.485	1.483	1.481	1.479	1.478	1.476	1.474	1.473	1.471	1.470	1.469	1.467	1.466	1.465	1.463	1.462	1.461	1.460	1.459	1.458	1.457	1.455	1.454	1.454	1.453	1.452	1.451	1.450	1.449	1.448	1.447	1.447	1.446	1.445	1.444	1.443	1.443	1.442	1.441	1.441	1.440	1.439	1.439	1.438	1.438	1.437	1.436	1.436	1.435	1.435	1.434	1.434
41	2.832	2.437	2.222	2.087	1.993	1.923	1.869	1.825	1.789	1.759	1.733	1.710	1.691	1.673	1.658	1.644	1.632	1.620	1.610	1.601	1.592	1.584	1.576	1.569	1.563	1.557	1.551	1.546	1.541	1.536	1.532	1.528	1.524	1.520	1.516	1.513	1.510	1.506	1.503	1.501	1.498	1.495	1.493	1.490	1.488	1.486	1.484	1.482	1.480	1.478	1.476	1.474	1.473	1.471	1.469	1.468	1.466	1.465	1.463	1.462	1.461	1.459	1.458	1.457	1.456	1.455	1.453	1.452	1.451	1.450	1.449	1.448	1.447	1.446	1.445	1.445	1.444	1.443	1.442	1.441	1.440	1.440	1.439	1.438	1.437	1.437	1.436	1.435	1.435	1.434	1.433	1.433	1.432	1.432	1.431	1.430	1.430	1.429	1.429	1.428
42	2.829	2.434	2.219	2.084	1.989	1.919	1.865	1.821	1.785	1.755	1.729	1.706	1.687	1.669	1.654	1.640	1.628	1.616	1.606	1.596	1.588	1.579	1.572	1.565	1.559	1.552	1.547	1.541	1.536	1.532	1.527	1.523	1.519	1.515	1.512	1.508	1.505	1.502	1.499	1.496	1.493	1.491	1.488	1.486	1.483	1.481	1.479	1.477	1.475	1.473	1.471	1.469	1.468	1.466	1.464	1.463	1.461	1.460	1.458	1.457	1.456	1.454	1.453	1.452	1.451	1.450	1.448	1.447	1.446	1.445	1.444	1.443	1.442	1.441	1.440	1.439	1.439	1.438	1.437	1.436	1.435	1.434	1.434	1.433	1.432	1.432	1.431	1.430	1.429	1.429	1.428	1.428	1.427	1.426	1.426	1.425	1.425	1.424	1.423	1.423
43	2.826	2.430	2.216	2.080	1.986	1.916	1.861	1.817	1.781	1.751	1.725	1.703	1.683	1.665	1.650	1.636	1.624	1.612	1.602	1.592	1.583	1.575	1.568	1.561	1.554	1.548	1.543	1.537	1.532	1.527	1.523	1.519	1.515	1.511	1.507	1.504	1.500	1.497	1.494	1.491	1.489	1.486	1.484	1.481	1.479	1.477	1.474	1.472	1.470	1.468	1.466	1.465	1.463	1.461	1.460	1.458	1.457	1.455	1.454	1.452	1.451	1.450	1.448	1.447	1.446	1.445	1.444	1.442	1.441	1.440	1.439	1.438	1.437	1.436	1.435	1.435	1.434	1.433	1.432	1.431	1.430	1.430	1.429	1.428	1.427	1.427	1.426	1.425	1.425	1.424	1.423	1.423	1.422	1.421	1.421	1.420	1.420	1.419	1.419	1.418
44	2.823	2.427	2.213	2.077	1.983	1.913	1.858	1.814	1.778	1.747	1.721	1.699	1.679	1.662	1.646	1.632	1.620	1.608	1.598	1.588	1.579	1.571	1.564	1.557	1.550	1.544	1.538	1.533	1.528	1.523	1.519	1.514	1.510	1.507	1.503	1.499	1.496	1.493	1.490	1.487	1.484	1.482	1.479	1.477	1.474	1.472	1.470	1.468	1.466	1.464	1.462	1.460	1.458	1.457	1.455	1.454	1.452	1.451	1.449	1.448	1.446	1.445	1.444	1.443	1.441	1.440	1.439	1.438	1.437	1.436	1.435	1.434	1.433	1.432	1.431	1.430	1.429	1.428	1.427	1.427	1.426	1.425	1.424	1.423	1.423	1.422	1.421	1.421	1.420	1.419	1.419	1.418	1.417	1.417	1.416	1.415	1.415	1.414	1.414	1.413
45	2.820	2.425	2.210	2.074	1.980	1.909	1.855	1.811	1.774	1.744	1.718	1.695	1.676	1.658	1.643	1.629	1.616	1.605	1.594	1.585	1.576	1.568	1.560	1.553	1.546	1.540	1.535	1.529	1.524	1.519	1.515	1.510	1.506	1.503	1.499	1.495	1.492	1.489	1.486	1.483	1.480	1.478	1.475	1.473	1.470	1.468	1.466	1.464	1.462	1.460	1.458	1.456	1.454	1.453	1.451	1.449	1.448	1.446	1.445	1.443	1.442	1.441	1.439	1.438	1.437	1.436	1.435	1.434	1.432	1.431	1.430	1.429	1.428	1.427	1.426	1.426	1.425	1.424	1.423	1.422	1.421	1.420	1.420	1.419	1.418	1.417	1.417	1.416	1.415	1.415	1.414	1.413	1.413	1.412	1.412	1.411	1.410	1.410	1.409	1.409
46	2.818	2.422	2.207	2.071	1.977	1.906	1.852	1.808	1.771	1.741	1.715	1.692	1.672	1.655	1.639	1.625	1.613	1.601	1.591	1.581	1.572	1.564	1.556	1.549	1.543	1.537	1.531	1.525	1.520	1.515	1.511	1.507	1.503	1.499	1.495	1.492	1.488	1.485	1.482	1.479	1.476	1.474	1.471	1.469	1.466	1.464	1.462	1.460	1.458	1.456	1.454	1.452	1.450	1.448	1.447	1.445	1.444	1.442	1.441	1.439	1.438	1.437	1.435	1.434	1.433	1.432	1.430	1.429	1.428	1.427	1.426	1.425	1.424	1.423	1.422	1.421	1.420	1.419	1.419	1.418	1.417	1.416	1.415	1.415	1.414	1.413	1.412	1.412	1.411	1.410	1.410	1.409	1.408	1.408	1.407	1.407	1.406	1.405	1.405	1.404
47	2.815	2.419	2.204	2.068	1.974	1.903	1.849	1.805	1.768	1.738	1.712	1.689	1.669	1.652	1.636	1.622	1.609	1.598	1.587	1.578	1.569	1.560	1.553	1.546	1.539	1.533	1.527	1.522	1.517	1.512	1.507	1.503	1.499	1.495	1.491	1.488	1.484	1.481	1.478	1.475	1.472	1.470	1.467	1.465	1.462	1.460	1.458	1.456	1.454	1.452	1.450	1.448	1.446	1.444	1.443	1.441	1.440	1.438	1.437	1.435	1.434	1.433	1.431	1.430	1.429	1.428	1.426	1.425	1.424	1.423	1.422	1.421	1.420	1.419	1.418	1.417	1.416	1.415	1.415	1.414	1.413	1.412	1.411	1.410	1.410	1.409	1.408	1.408	1.407	1.406	1.406	1.405	1.404	1.404	1.403	1.402	1.402	1.401	1.401	1.400
48	2.813	2.417	2.202	2.066	1.971	1.901	1.846	1.802	1.765	1.735	1.709	1.686	1.666	1.648	1.633	1.619	1.606	1.594	1.584	1.574	1.565	1.557	1.550	1.542	1.536	1.530	1.524	1.518	1.513	1.508	1.504	1.499	1.495	1.491	1.488	1.484	1.481	1.478	1.475	1.472	1.469	1.466	1.464	1.461	1.459	1.456	1.454	1.452	1.450	1.448	1.446	1.444	1.442	1.441	1.439	1.437	1.436	1.434	1.433	1.431	1.430	1.429	1.427	1.426	1.425	1.424	1.423	1.421	1.420	1.419	1.418	1.417	1.416	1.415	1.414	1.413	1.412	1.411	1.411	1.410	1.409	1.408	1.407	1.407	1.406	1.405	1.404	1.404	1.403	1.402	1.402	1.401	1.400	1.400	1.399	1.398	1.398	1.397	1.397	1.396
49	2.811	2.414	2.199	2.063	1.968	1.898	1.843	1.799	1.763	1.732	1.706	1.683	1.663	1.645	1.630	1.616	1.603	1.591	1.581	1.571	1.562	1.554	1.546	1.539	1.533	1.526	1.520	1.515	1.510	1.505	1.500	1.496	1.492	1.488	1.484	1.481	1.477	1.474	1.471	1.468	1.465	1.463	1.460	1.458	1.455	1.453	1.451	1.448	1.446	1.444	1.442	1.441	1.439	1.437	1.435	1.434	1.432	1.431	1.429	1.428	1.426	1.425	1.424	1.422	1.421	1.420	1.419	1.418	1.417	1.415	1.414	1.413	1.412	1.411	1.410	1.409	1.409	1.408	1.407	1.406	1.405	1.404	1.403	1.403	1.402	1.401	1.400	1.400	1.399	1.398	1.398	1.397	1.396	1.396	1.395	1.395	1.394	1.393	1.393	1.392
50	2.809	2.412	2.197	2.061	1.966	1.895	1.840	1.796	1.760	1.729	1.703	1.680	1.660	1.643	1.627	1.613	1.600	1.588	1.578	1.568	1.559	1.551	1.543	1.536	1.529	1.523	1.517	1.512	1.507	1.502	1.497	1.493	1.489	1.485	1.481	1.477	1.474	1.471	1.468	1.465	1.462	1.459	1.457	1.454	1.452	1.449	1.447	1.445	1.443	1.441	1.439	1.437	1.435	1.434	1.432	1.430	1.429	1.427	1.426	1.424	1.423	1.421	1.420	1.419	1.418	1.416	1.415	1.414	1.413	1.412	1.411	1.410	1.409	1.408	1.407	1.406	1.405	1.404	1.403	1.402	1.401	1.401	1.400	1.399	1.398	1.398	1.397	1.396	1.395	1.395	1.394	1.393	1.393	1.392	1.391	1.391	1.390	1.390	1.389	1.388
51	2.807	2.410	2.194	2.058	1.964	1.893	1.838	1.794	1.757	1.727	1.700	1.677	1.658	1.640	1.624	1.610	1.597	1.586	1.575	1.565	1.556	1.548	1.540	1.533	1.526	1.520	1.514	1.509	1.504	1.499	1.494	1.490	1.486	1.482	1.478	1.474	1.471	1.468	1.465	1.462	1.459	1.456	1.453	1.451	1.448	1.446	1.444	1.442	1.440	1.438	1.436	1.434	1.432	1.430	1.429	1.427	1.425	1.424	1.422	1.421	1.419	1.418	1.417	1.415	1.414	1.413	1.412	1.411	1.409	1.408	1.407	1.406	1.405	1.404	1.403	1.402	1.401	1.401	1.400	1.399	1.398	1.397	1.396	1.396	1.395	1.394	1.393	1.393	1.392	1.391	1.390	1.390	1.389	1.388	1.388	1.387	1.387	1.386	1.385	1.385
52	2.805	2.408	2.192	2.056	1.961	1.891	1.836	1.791	1.755	1.724	1.698	1.675	1.655	1.637	1.621	1.607	1.594	1.583	1.572	1.562	1.553	1.545	1.537	1.530	1.524	1.517	1.511	1.506	1.501	1.496	1.491	1.487	1.483	1.479	1.475	1.471	1.468	1.465	1.461	1.458	1.456	1.453	1.450	1.448	1.445	1.443	1.441	1.439	1.436	1.434	1.432	1.431	1.429	1.427	1.425	1.424	1.422	1.421	1.419	1.418	1.416	1.415	1.413	1.412	1.411	1.410	1.408	1.407	1.406	1.405	1.404	1.403	1.402	1.401	1.400	1.399	1.398	1.397	1.396	1.395	1.395	1.394	1.393	1.392	1.391	1.391	1.390	1.389	1.388	1.388	1.387	1.386	1.386	1.385	1.384	1.384	1.383	1.383	1.382	1.381
53	2.803	2.406	2.190	2.054	1.959	1.888	1.833	1.789	1.752	1.722	1.695	1.672	1.652	1.635	1.619	1.605	1.592	1.580	1.570	1.560	1.551	1.542	1.535	1.527	1.521	1.514	1.509	1.503	1.498	1.493	1.488	1.484	1.480	1.476	1.472	1.468	1.465	1.462	1.458	1.455	1.453	1.450	1.447	1.445	1.442	1.440	1.438	1.435	1.433	1.431	1.429	1.428	1.426	1.424	1.422	1.421	1.419	1.417	1.416	1.414	1.413	1.412	1.410	1.409	1.408	1.406	1.405	1.404	1.403	1.402	1.401	1.400	1.399	1.398	1.397	1.396	1.395	1.394	1.393	1.392	1.391	1.390	1.390	1.389	1.388	1.387	1.387	1.386	1.385	1.384	1.384	1.383	1.382	1.382	1.381	1.380	1.380	1.379	1.379	1.378
54	2.801	2.404	2.188	2.052	1.957	1.886	1.831	1.787	1.750	1.719	1.693	1.670	1.650	1.632	1.616	1.602	1.589	1.578	1.567	1.557	1.548	1.540	1.532	1.525	1.518	1.512	1.506	1.500	1.495	1.490	1.485	1.481	1.477	1.473	1.469	1.465	1.462	1.459	1.456	1.453	1.450	1.447	1.444	1.442	1.439	1.437	1.435	1.433	1.430	1.428	1.426	1.425	1.423	1.421	1.419	1.418	1.416	1.414	1.413	1.411	1.410	1.409	1.407	1.406	1.405	1.403	1.402	1.401	1.400	1.399	1.398	1.397	1.396	1.395	1.394	1.393	1.392	1.391	1.390	1.389	1.388	1.387	1.386	1.386	1.385	1.384	1.383	1.383	1.382	1.381	1.381	1.380	1.379	1.379	1.378	1.377	1.377	1.376	1.375	1.375
55	2.799	2.402	2.186	2.050	1.955	1.884	1.829	1.785	1.748	1.717	1.691	1.668	1.648	1.630	1.614	1.600	1.587	1.575	1.564	1.555	1.546	1.537	1.529	1.522	1.515	1.509	1.503	1.498	1.492	1.487	1.483	1.478	1.474	1.470	1.466	1.463	1.459	1.456	1.453	1.450	1.447	1.444	1.442	1.439	1.437	1.434	1.432	1.430	1.428	1.426	1.424	1.422	1.420	1.418	1.416	1.415	1.413	1.411	1.410	1.408	1.407	1.406	1.404	1.403	1.402	1.400	1.399	1.398	1.397	1.396	1.395	1.394	1.393	1.392	1.391	1.390	1.389	1.388	1.387	1.386	1.385	1.384	1.383	1.383	1.382	1.381	1.380	1.380	1.379	1.378	1.377	1.377	1.376	1.375	1.375	1.374	1.374	1.373	1.372	1.372
56	2.797	2.400	2.184	2.048	1.953	1.882	1.827	1.782	1.746	1.715	1.688	1.666	1.645	1.628	1.612	1.597	1.585	1.573	1.562	1.552	1.543	1.535	1.527	1.520	1.513	1.507	1.501	1.495	1.490	1.485	1.480	1.476	1.472	1.468	1.464	1.460	1.457	1.453	1.450	1.447	1.444	1.441	1.439	1.436	1.434	1.431	1.429	1.427	1.425	1.423	1.421	1.419	1.417	1.415	1.414	1.412	1.410	1.409	1.407	1.406	1.404	1.403	1.401	1.400	1.399	1.398	1.396	1.395	1.394	1.393	1.392	1.391	1.390	1.389	1.388	1.387	1.386	1.385	1.384	1.383	1.382	1.381	1.380	1.380	1.379	1.378	1.377	1.377	1.376	1.375	1.374	1.374	1.373	1.372	1.372	1.371	1.371	1.370	1.369	1.369
57	2.796	2.398	2.182	2.046	1.951	1.880	1.825	1.780	1.744	1.713	1.686	1.663	1.643	1.625	1.610	1.595	1.582	1.571	1.560	1.550	1.541	1.532	1.525	1.517	1.511	1.504	1.498	1.493	1.487	1.482	1.478	1.473	1.469	1.465	1.461	1.458	1.454	1.451	1.448	1.445	1.442	1.439	1.436	1.434	1.431	1.429	1.426	1.424	1.422	1.420	1.418	1.416	1.414	1.413	1.411	1.409	1.407	1.406	1.404	1.403	1.401	1.400	1.399	1.397	1.396	1.395	1.394	1.392	1.391	1.390	1.389	1.388	1.387	1.386	1.385	1.384	1.383	1.382	1.381	1.380	1.379	1.378	1.378	1.377	1.376	1.375	1.374	1.374	1.373	1.372	1.372	1.371	1.370	1.370	1.369	1.368	1.368	1.367	1.366	1.366
58	2.794	2.396	2.181	2.044	1.949	1.878	1.823	1.779	1.742	1.711	1.684	1.661	1.641	1.623	1.607	1.593	1.580	1.568	1.558	1.548	1.539	1.530	1.522	1.515	1.508	1.502	1.496	1.490	1.485	1.480	1.475	1.471	1.467	1.463	1.459	1.455	1.452	1.448	1.445	1.442	1.439	1.436	1.434	1.431	1.429	1.426	1.424	1.422	1.420	1.418	1.416	1.414	1.412	1.410	1.408	1.406	1.405	1.403	1.402	1.400	1.399	1.397	1.396	1.395	1.393	1.392	1.391	1.390	1.389	1.387	1.386	1.385	1.384	1.383	1.382	1.381	1.380	1.379	1.378	1.377	1.377	1.376	1.375	1.374	1.373	1.372	1.372	1.371	1.370	1.369	1.369	1.368	1.367	1.367	1.366	1.365	1.365	1.364	1.364	1.363
59	2.793	2.395	2.179	2.043	1.947	1.876	1.821	1.777	1.740	1.709	1.682	1.659	1.639	1.621	1.605	1.591	1.578	1.566	1.555	1.546	1.536	1.528	1.520	1.513	1.506	1.500	1.494	1.488	1.483	1.478	1.473	1.469	1.464	1.460	1.456	1.453	1.449	1.446	1.443	1.440	1.437	1.434	1.431	1.429	1.426	1.424	1.421	1.419	1.417	1.415	1.413	1.411	1.409	1.407	1.406	1.404	1.402	1.401	1.399	1.398	1.396	1.395	1.393	1.392	1.391	1.390	1.388	1.387	1.386	1.385	1.384	1.383	1.382	1.380	1.379	1.378	1.378	1.377	1.376	1.375	1.374	1.373	1.372	1.371	1.371	1.370	1.369	1.368	1.368	1.367	1.366	1.365	1.365	1.364	1.363	1.363	1.362	1.361	1.361	1.360
60	2.791	2.393	2.177	2.041	1.946	1.875	1.819	1.775	1.738	1.707	1.680	1.657	1.637	1.619	1.603	1.589	1.576	1.564	1.553	1.543	1.534	1.526	1.518	1.511	1.504	1.498	1.492	1.486	1.481	1.476	1.471	1.466	1.462	1.458	1.454	1.450	1.447	1.444	1.440	1.437	1.434	1.432	1.429	1.426	1.424	1.421	1.419	1.417	1.415	1.413	1.411	1.409	1.407	1.405	1.403	1.402	1.400	1.398	1.397	1.395	1.394	1.392	1.391	1.390	1.388	1.387	1.386	1.385	1.383	1.382	1.381	1.380	1.379	1.378	1.377	1.376	1.375	1.374	1.373	1.372	1.371	1.370	1.370	1.369	1.368	1.367	1.366	1.366	1.365	1.364	1.363	1.363	1.362	1.361	1.361	1.360	1.359	1.359	1.358	1.358
61	2.790	2.392	2.176	2.039	1.944	1.873	1.818	1.773	1.736	1.705	1.679	1.656	1.635	1.617	1.601	1.587	1.574	1.562	1.551	1.541	1.532	1.524	1.516	1.509	1.502	1.495	1.489	1.484	1.478	1.473	1.469	1.464	1.460	1.456	1.452	1.448	1.445	1.441	1.438	1.435	1.432	1.429	1.427	1.424	1.421	1.419	1.417	1.415	1.412	1.410	1.408	1.406	1.404	1.403	1.401	1.399	1.397	1.396	1.394	1.393	1.391	1.390	1.389	1.387	1.386	1.385	1.383	1.382	1.381	1.380	1.379	1.378	1.377	1.375	1.374	1.373	1.372	1.372	1.371	1.370	1.369	1.368	1.367	1.366	1.365	1.365	1.364	1.363	1.362	1.362	1.361	1.360	1.360	1.359	1.358	1.358	1.357	1.356	1.356	1.355
62	2.788	2.390	2.174	2.038	1.942	1.871	1.816	1.771	1.735	1.703	1.677	1.654	1.634	1.616	1.600	1.585	1.572	1.560	1.549	1.540	1.530	1.522	1.514	1.507	1.500	1.493	1.487	1.482	1.476	1.471	1.467	1.462	1.458	1.454	1.450	1.446	1.443	1.439	1.436	1.433	1.430	1.427	1.424	1.422	1.419	1.417	1.415	1.412	1.410	1.408	1.406	1.404	1.402	1.400	1.399	1.397	1.395	1.394	1.392	1.390	1.389	1.388	1.386	1.385	1.384	1.382	1.381	1.380	1.379	1.377	1.376	1.375	1.374	1.373	1.372	1.371	1.370	1.369	1.368	1.367	1.366	1.366	1.365	1.364	1.363	1.362	1.361	1.361	1.360	1.359	1.358	1.358	1.357	1.356	1.356	1.355	1.354	1.354	1.353	1.353
63	2.787	2.389	2.173	2.036	1.941	1.870	1.814	1.770	1.733	1.702	1.675	1.652	1.632	1.614	1.598	1.583	1.570	1.558	1.548	1.538	1.528	1.520	1.512	1.505	1.498	1.491	1.485	1.480	1.474	1.469	1.464	1.460	1.456	1.452	1.448	1.444	1.440	1.437	1.434	1.431	1.428	1.425	1.422	1.420	1.417	1.415	1.412	1.410	1.408	1.406	1.404	1.402	1.400	1.398	1.396	1.395	1.393	1.391	1.390	1.388	1.387	1.385	1.384	1.383	1.381	1.380	1.379	1.377	1.376	1.375	1.374	1.373	1.372	1.371	1.370	1.369	1.368	1.367	1.366	1.365	1.364	1.363	1.362	1.362	1.361	1.360	1.359	1.358	1.358	1.357	1.356	1.355	1.355	1.354	1.353	1.353	1.352	1.351	1.351	1.350
64	2.786	2.387	2.171	2.035	1.939	1.868	1.813	1.768	1.731	1.700	1.673	1.650	1.630	1.612	1.596	1.582	1.569	1.557	1.546	1.536	1.527	1.518	1.510	1.503	1.496	1.489	1.483	1.478	1.472	1.467	1.463	1.458	1.454	1.450	1.446	1.442	1.438	1.435	1.432	1.429	1.426	1.423	1.420	1.418	1.415	1.413	1.410	1.408	1.406	1.404	1.402	1.400	1.398	1.396	1.394	1.392	1.391	1.389	1.388	1.386	1.385	1.383	1.382	1.380	1.379	1.378	1.376	1.375	1.374	1.373	1.372	1.371	1.370	1.369	1.367	1.366	1.365	1.365	1.364	1.363	1.362	1.361	1.360	1.359	1.358	1.358	1.357	1.356	1.355	1.355	1.354	1.353	1.352	1.352	1.351	1.350	1.350	1.349	1.348	1.348
65	2.784	2.386	2.170	2.033	1.938	1.867	1.811	1.767	1.730	1.699	1.672	1.649	1.628	1.610	1.594	1.580	1.567	1.555	1.544	1.534	1.525	1.516	1.508	1.501	1.494	1.488	1.482	1.476	1.470	1.465	1.461	1.456	1.452	1.448	1.444	1.440	1.436	1.433	1.430	1.427	1.424	1.421	1.418	1.416	1.413	1.411	1.408	1.406	1.404	1.402	1.400	1.398	1.396	1.394	1.392	1.390	1.389	1.387	1.385	1.384	1.382	1.381	1.380	1.378	1.377	1.376	1.374	1.373	1.372	1.371	1.370	1.368	1.367	1.366	1.365	1.364	1.363	1.362	1.361	1.360	1.360	1.359	1.358	1.357	1.356	1.355	1.355	1.354	1.353	1.352	1.352	1.351	1.350	1.349	1.349	1.348	1.347	1.347	1.346	1.346
66	2.783	2.385	2.169	2.032	1.937	1.865	1.810	1.765	1.728	1.697	1.670	1.647	1.627	1.609	1.593	1.578	1.565	1.553	1.542	1.532	1.523	1.515	1.507	1.499	1.492	1.486	1.480	1.474	1.469	1.464	1.459	1.454	1.450	1.446	1.442	1.438	1.435	1.431	1.428	1.425	1.422	1.419	1.416	1.414	1.411	1.409	1.406	1.404	1.402	1.400	1.398	1.396	1.394	1.392	1.390	1.388	1.387	1.385	1.383	1.382	1.380	1.379	1.377	1.376	1.375	1.373	1.372	1.371	1.370	1.369	1.367	1.366	1.365	1.364	1.363	1.362	1.361	1.360	1.359	1.358	1.357	1.357	1.356	1.355	1.354	1.353	1.352	1.352	1.351	1.350	1.349	1.349	1.348	1.347	1.347	1.346	1.345	1.345	1.344	1.343
67	2.782	2.384	2.167	2.031	1.935	1.864	1.808	1.764	1.727	1.696	1.669	1.646	1.625	1.607	1.591	1.577	1.564	1.552	1.541	1.531	1.521	1.513	1.505	1.497	1.491	1.484	1.478	1.472	1.467	1.462	1.457	1.452	1.448	1.444	1.440	1.436	1.433	1.429	1.426	1.423	1.420	1.417	1.414	1.412	1.409	1.407	1.404	1.402	1.400	1.398	1.396	1.394	1.392	1.390	1.388	1.386	1.385	1.383	1.381	1.380	1.378	1.377	1.375	1.374	1.373	1.371	1.370	1.369	1.368	1.367	1.365	1.364	1.363	1.362	1.361	1.360	1.359	1.358	1.357	1.356	1.355	1.354	1.354	1.353	1.352	1.351	1.350	1.350	1.349	1.348	1.347	1.347	1.346	1.345	1.344	1.344	1.343	1.343	1.342	1.341
68	2.781	2.382	2.166	2.029	1.934	1.863	1.807	1.762	1.725	1.694	1.667	1.644	1.624	1.606	1.590	1.575	1.562	1.550	1.539	1.529	1.520	1.511	1.503	1.496	1.489	1.482	1.476	1.471	1.465	1.460	1.455	1.451	1.446	1.442	1.438	1.434	1.431	1.427	1.424	1.421	1.418	1.415	1.412	1.410	1.407	1.405	1.402	1.400	1.398	1.396	1.394	1.392	1.390	1.388	1.386	1.384	1.383	1.381	1.379	1.378	1.376	1.375	1.374	1.372	1.371	1.369	1.368	1.367	1.366	1.365	1.363	1.362	1.361	1.360	1.359	1.358	1.357	1.356	1.355	1.354	1.353	1.352	1.352	1.351	1.350	1.349	1.348	1.347	1.347	1.346	1.345	1.344	1.344	1.343	1.342	1.342	1.341	1.340	1.340	1.339
69	2.780	2.381	2.165	2.028	1.933	1.861	1.806	1.761	1.724	1.693	1.666	1.643	1.622	1.604	1.588	1.574	1.560	1.548	1.538	1.527	1.518	1.510	1.502	1.494	1.487	1.481	1.475	1.469	1.463	1.458	1.454	1.449	1.445	1.440	1.437	1.433	1.429	1.426	1.422	1.419	1.416	1.413	1.411	1.408	1.405	1.403	1.401	1.398	1.396	1.394	1.392	1.390	1.388	1.386	1.384	1.383	1.381	1.379	1.378	1.376	1.375	1.373	1.372	1.370	1.369	1.368	1.366	1.365	1.364	1.363	1.361	1.360	1.359	1.358	1.357	1.356	1.355	1.354	1.353	1.352	1.351	1.350	1.350	1.349	1.348	1.347	1.346	1.345	1.345	1.344	1.343	1.342	1.342	1.341	1.340	1.340	1.339	1.338	1.338	1.337
70	2.779	2.380	2.164	2.027	1.931	1.860	1.804	1.760	1.723	1.691	1.665	1.641	1.621	1.603	1.587	1.572	1.559	1.547	1.536	1.526	1.517	1.508	1.500	1.493	1.486	1.479	1.473	1.467	1.462	1.457	1.452	1.447	1.443	1.439	1.435	1.431	1.427	1.424	1.421	1.418	1.415	1.412	1.409	1.406	1.404	1.401	1.399	1.397	1.394	1.392	1.390	1.388	1.386	1.384	1.382	1.381	1.379	1.377	1.376	1.374	1.373	1.371	1.370	1.368	1.367	1.366	1.364	1.363	1.362	1.361	1.360	1.358	1.357	1.356	1.355	1.354	1.353	1.352	1.351	1.350	1.349	1.349	1.348	1.347	1.346	1.345	1.344	1.344	1.343	1.342	1.341	1.341	1.340	1.339	1.338	1.338	1.337	1.336	1.336	1.335
71	2.778	2.379	2.163	2.026	1.930	1.859	1.803	1.758	1.721	1.690	1.663	1.640	1.619	1.601	1.585	1.571	1.557	1.545	1.535	1.524	1.515	1.507	1.499	1.491	1.484	1.478	1.471	1.466	1.460	1.455	1.450	1.446	1.441	1.437	1.433	1.429	1.426	1.422	1.419	1.416	1.413	1.410	1.407	1.405	1.402	1.399	1.397	1.395	1.393	1.390	1.388	1.386	1.384	1.383	1.381	1.379	1.377	1.376	1.374	1.372	1.371	1.369	1.368	1.367	1.365	1.364	1.363	1.361	1.360	1.359	1.358	1.357	1.356	1.354	1.353	1.352	1.351	1.350	1.349	1.348	1.348	1.347	1.346	1.345	1.344	1.343	1.342	1.342	1.341	1.340	1.339	1.339	1.338	1.337	1.337	1.336	1.335	1.335	1.334	1.333
72	2.777	2.378	2.161	2.025	1.929	1.858	1.802	1.757	1.720	1.689	1.662	1.639	1.618	1.600	1.584	1.569	1.556	1.544	1.533	1.523	1.514	1.505	1.497	1.490	1.483	1.476	1.470	1.464	1.459	1.454	1.449	1.444	1.440	1.436	1.432	1.428	1.424	1.421	1.417	1.414	1.411	1.408	1.406	1.403	1.400	1.398	1.395	1.393	1.391	1.389	1.387	1.385	1.383	1.381	1.379	1.377	1.376	1.374	1.372	1.371	1.369	1.368	1.366	1.365	1.363	1.362	1.361	1.360	1.358	1.357	1.356	1.355	1.354	1.353	1.352	1.351	1.350	1.349	1.348	1.347	1.346	1.345	1.344	1.343	1.342	1.341	1.341	1.340	1.339	1.338	1.338	1.337	1.336	1.335	1.335	1.334	1.333	1.333	1.332	1.331
73	2.776	2.377	2.160	2.024	1.928	1.856	1.801	1.756	1.719	1.687	1.661	1.637	1.617	1.599	1.583	1.568	1.555	1.543	1.532	1.522	1.512	1.504	1.496	1.488	1.481	1.475	1.468	1.463	1.457	1.452	1.447	1.443	1.438	1.434	1.430	1.426	1.423	1.419	1.416	1.413	1.410	1.407	1.404	1.401	1.399	1.396	1.394	1.391	1.389	1.387	1.385	1.383	1.381	1.379	1.377	1.376	1.374	1.372	1.371	1.369	1.367	1.366	1.365	1.363	1.362	1.360	1.359	1.358	1.357	1.355	1.354	1.353	1.352	1.351	1.350	1.349	1.348	1.347	1.346	1.345	1.344	1.343	1.342	1.341	1.340	1.340	1.339	1.338	1.337	1.336	1.336	1.335	1.334	1.334	1.333	1.332	1.331	1.331	1.330	1.330
74	2.775	2.376	2.159	2.022	1.927	1.855	1.800	1.755	1.718	1.686	1.659	1.636	1.616	1.597	1.581	1.567	1.553	1.541	1.530	1.520	1.511	1.502	1.494	1.487	1.480	1.473	1.467	1.461	1.456	1.451	1.446	1.441	1.437	1.433	1.429	1.425	1.421	1.418	1.414	1.411	1.408	1.405	1.402	1.400	1.397	1.395	1.392	1.390	1.388	1.385	1.383	1.381	1.379	1.378	1.376	1.374	1.372	1.371	1.369	1.367	1.366	1.364	1.363	1.361	1.360	1.359	1.357	1.356	1.355	1.354	1.353	1.351	1.350	1.349	1.348	1.347	1.346	1.345	1.344	1.343	1.342	1.341	1.340	1.340	1.339	1.338	1.337	1.336	1.335	1.335	1.334	1.333	1.332	1.332	1.331	1.330	1.330	1.329	1.328	1.328
75	2.774	2.375	2.158	2.021	1.926	1.854	1.798	1.754	1.716	1.685	1.658	1.635	1.614	1.596	1.580	1.565	1.552	1.540	1.529	1.519	1.510	1.501	1.493	1.485	1.478	1.472	1.466	1.460	1.454	1.449	1.444	1.440	1.435	1.431	1.427	1.423	1.420	1.416	1.413	1.410	1.407	1.404	1.401	1.398	1.396	1.393	1.391	1.388	1.386	1.384	1.382	1.380	1.378	1.376	1.374	1.372	1.371	1.369	1.367	1.366	1.364	1.363	1.361	1.360	1.358	1.357	1.356	1.355	1.353	1.352	1.351	1.350	1.349	1.348	1.346	1.345	1.344	1.343	1.342	1.341	1.341	1.340	1.339	1.338	1.337	1.336	1.335	1.335	1.334	1.333	1.332	1.332	1.331	1.330	1.329	1.329	1.328	1.327	1.327	1.326
76	2.773	2.374	2.157	2.020	1.925	1.853	1.797	1.752	1.715	1.684	1.657	1.634	1.613	1.595	1.579	1.564	1.551	1.539	1.528	1.518	1.508	1.500	1.492	1.484	1.477	1.470	1.464	1.458	1.453	1.448	1.443	1.438	1.434	1.430	1.426	1.422	1.418	1.415	1.411	1.408	1.405	1.402	1.399	1.397	1.394	1.392	1.389	1.387	1.385	1.382	1.380	1.378	1.376	1.374	1.373	1.371	1.369	1.367	1.366	1.364	1.363	1.361	1.360	1.358	1.357	1.356	1.354	1.353	1.352	1.350	1.349	1.348	1.347	1.346	1.345	1.344	1.343	1.342	1.341	1.340	1.339	1.338	1.337	1.336	1.335	1.335	1.334	1.333	1.332	1.331	1.331	1.330	1.329	1.328	1.328	1.327	1.326	1.326	1.325	1.324
77	2.772	2.373	2.156	2.019	1.924	1.852	1.796	1.751	1.714	1.683	1.656	1.632	1.612	1.594	1.578	1.563	1.550	1.538	1.527	1.516	1.507	1.498	1.490	1.483	1.476	1.469	1.463	1.457	1.452	1.446	1.442	1.437	1.432	1.428	1.424	1.420	1.417	1.413	1.410	1.407	1.404	1.401	1.398	1.395	1.393	1.390	1.388	1.385	1.383	1.381	1.379	1.377	1.375	1.373	1.371	1.369	1.368	1.366	1.364	1.363	1.361	1.360	1.358	1.357	1.355	1.354	1.353	1.351	1.350	1.349	1.348	1.347	1.345	1.344	1.343	1.342	1.341	1.340	1.339	1.338	1.337	1.336	1.336	1.335	1.334	1.333	1.332	1.331	1.330	1.330	1.329	1.328	1.327	1.327	1.326	1.325	1.325	1.324	1.323	1.323
78	2.771	2.372	2.155	2.018	1.923	1.851	1.795	1.750	1.713	1.682	1.655	1.631	1.611	1.593	1.576	1.562	1.548	1.536	1.525	1.515	1.506	1.497	1.489	1.481	1.474	1.468	1.462	1.456	1.450	1.445	1.440	1.436	1.431	1.427	1.423	1.419	1.415	1.412	1.409	1.405	1.402	1.399	1.397	1.394	1.391	1.389	1.386	1.384	1.382	1.379	1.377	1.375	1.373	1.371	1.370	1.368	1.366	1.364	1.363	1.361	1.360	1.358	1.357	1.355	1.354	1.352	1.351	1.350	1.349	1.347	1.346	1.345	1.344	1.343	1.342	1.341	1.340	1.339	1.338	1.337	1.336	1.335	1.334	1.333	1.332	1.331	1.331	1.330	1.329	1.328	1.327	1.327	1.326	1.325	1.324	1.324	1.323	1.322	1.322	1.321
79	2.770	2.371	2.154	2.017	1.922	1.850	1.794	1.749	1.712	1.681	1.654	1.630	1.610	1.592	1.575	1.561	1.547	1.535	1.524	1.514	1.505	1.496	1.488	1.480	1.473	1.467	1.460	1.455	1.449	1.444	1.439	1.434	1.430	1.426	1.422	1.418	1.414	1.411	1.407	1.404	1.401	1.398	1.395	1.392	1.390	1.387	1.385	1.383	1.380	1.378	1.376	1.374	1.372	1.370	1.368	1.366	1.365	1.363	1.361	1.360	1.358	1.357	1.355	1.354	1.352	1.351	1.350	1.348	1.347	1.346	1.345	1.344	1.342	1.341	1.340	1.339	1.338	1.337	1.336	1.335	1.334	1.333	1.332	1.332	1.331	1.330	1.329	1.328	1.327	1.327	1.326	1.325	1.324	1.324	1.323	1.322	1.322	1.321	1.320	1.320
80	2.769	2.370	2.154	2.016	1.921	1.849	1.793	1.748	1.711	1.680	1.653	1.629	1.609	1.590	1.574	1.559	1.546	1.534	1.523	1.513	1.503	1.495	1.487	1.479	1.472	1.465	1.459	1.453	1.448	1.443	1.438	1.433	1.429	1.424	1.420	1.416	1.413	1.409	1.406	1.403	1.400	1.397	1.394	1.391	1.388	1.386	1.384	1.381	1.379	1.377	1.375	1.373	1.371	1.369	1.367	1.365	1.363	1.362	1.360	1.358	1.357	1.355	1.354	1.352	1.351	1.350	1.348	1.347	1.346	1.344	1.343	1.342	1.341	1.340	1.339	1.338	1.337	1.336	1.335	1.334	1.333	1.332	1.331	1.330	1.329	1.328	1.327	1.327	1.326	1.325	1.324	1.324	1.323	1.322	1.321	1.321	1.320	1.319	1.319	1.318
81	2.769	2.369	2.153	2.016	1.920	1.848	1.792	1.747	1.710	1.679	1.652	1.628	1.608	1.589	1.573	1.558	1.545	1.533	1.522	1.512	1.502	1.493	1.485	1.478	1.471	1.464	1.458	1.452	1.447	1.441	1.436	1.432	1.427	1.423	1.419	1.415	1.412	1.408	1.405	1.401	1.398	1.395	1.393	1.390	1.387	1.385	1.382	1.380	1.378	1.375	1.373	1.371	1.369	1.367	1.365	1.364	1.362	1.360	1.358	1.357	1.355	1.354	1.352	1.351	1.349	1.348	1.347	1.346	1.344	1.343	1.342	1.341	1.340	1.338	1.337	1.336	1.335	1.334	1.333	1.332	1.331	1.330	1.329	1.329	1.328	1.327	1.326	1.325	1.324	1.324	1.323	1.322	1.321	1.321	1.320	1.319	1.318	1.318	1.317	1.317
82	2.768	2.368	2.152	2.015	1.919	1.847	1.791	1.746	1.709	1.678	1.651	1.627	1.607	1.588	1.572	1.557	1.544	1.532	1.521	1.511	1.501	1.492	1.484	1.477	1.470	1.463	1.457	1.451	1.445	1.440	1.435	1.431	1.426	1.422	1.418	1.414	1.410	1.407	1.403	1.400	1.397	1.394	1.391	1.389	1.386	1.383	1.381	1.379	1.376	1.374	1.372	1.370	1.368	1.366	1.364	1.362	1.360	1.359	1.357	1.356	1.354	1.352	1.351	1.350	1.348	1.347	1.345	1.344	1.343	1.342	1.340	1.339	1.338	1.337	1.336	1.335	1.334	1.333	1.332	1.331	1.330	1.329	1.328	1.327	1.326	1.325	1.325	1.324	1.323	1.322	1.321	1.321	1.320	1.319	1.318	1.318	1.317	1.316	1.316	1.315
83	2.767	2.368	2.151	2.014	1.918	1.846	1.790	1.745	1.708	1.677	1.650	1.626	1.606	1.587	1.571	1.556	1.543	1.531	1.520	1.509	1.500	1.491	1.483	1.476	1.468	1.462	1.456	1.450	1.444	1.439	1.434	1.429	1.425	1.421	1.417	1.413	1.409	1.406	1.402	1.399	1.396	1.393	1.390	1.387	1.385	1.382	1.380	1.377	1.375	1.373	1.371	1.369	1.367	1.365	1.363	1.361	1.359	1.357	1.356	1.354	1.353	1.351	1.350	1.348	1.347	1.345	1.344	1.343	1.342	1.340	1.339	1.338	1.337	1.336	1.335	1.333	1.332	1.331	1.330	1.329	1.328	1.328	1.327	1.326	1.325	1.324	1.323	1.322	1.322	1.321	1.320	1.319	1.318	1.318	1.317	1.316	1.316	1.315	1.314	1.314
84	2.766	2.367	2.150	2.013	1.917	1.845	1.790	1.744	1.707	1.676	1.649	1.625	1.605	1.586	1.570	1.555	1.542	1.530	1.519	1.508	1.499	1.490	1.482	1.474	1.467	1.461	1.455	1.449	1.443	1.438	1.433	1.428	1.424	1.419	1.415	1.412	1.408	1.404	1.401	1.398	1.395	1.392	1.389	1.386	1.383	1.381	1.378	1.376	1.374	1.372	1.369	1.367	1.365	1.363	1.361	1.360	1.358	1.356	1.355	1.353	1.351	1.350	1.348	1.347	1.345	1.344	1.343	1.341	1.340	1.339	1.338	1.337	1.335	1.334	1.333	1.332	1.331	1.330	1.329	1.328	1.327	1.326	1.325	1.324	1.324	1.323	1.322	1.321	1.320	1.319	1.319	1.318	1.317	1.316	1.316	1.315	1.314	1.314	1.313	1.312
85	2.765	2.366	2.149	2.012	1.916	1.845	1.789	1.744	1.706	1.675	1.648	1.624	1.604	1.585	1.569	1.554	1.541	1.529	1.518	1.507	1.498	1.489	1.481	1.473	1.466	1.460	1.453	1.448	1.442	1.437	1.432	1.427	1.423	1.418	1.414	1.410	1.407	1.403	1.400	1.397	1.393	1.390	1.388	1.385	1.382	1.380	1.377	1.375	1.373	1.370	1.368	1.366	1.364	1.362	1.360	1.358	1.357	1.355	1.353	1.352	1.350	1.349	1.347	1.346	1.344	1.343	1.341	1.340	1.339	1.338	1.336	1.335	1.334	1.333	1.332	1.331	1.330	1.329	1.328	1.327	1.326	1.325	1.324	1.323	1.322	1.321	1.320	1.320	1.319	1.318	1.317	1.316	1.316	1.315	1.314	1.314	1.313	1.312	1.312	1.311
86	2.765	2.365	2.149	2.011	1.915	1.844	1.788	1.743	1.705	1.674	1.647	1.623	1.603	1.584	1.568	1.553	1.540	1.528	1.517	1.506	1.497	1.488	1.480	1.472	1.465	1.459	1.452	1.446	1.441	1.436	1.431	1.426	1.421	1.417	1.413	1.409	1.406	1.402	1.399	1.395	1.392	1.389	1.386	1.384	1.381	1.378	1.376	1.374	1.371	1.369	1.367	1.365	1.363	1.361	1.359	1.357	1.355	1.354	1.352	1.350	1.349	1.347	1.346	1.344	1.343	1.342	1.340	1.339	1.338	1.336	1.335	1.334	1.333	1.332	1.331	1.330	1.328	1.327	1.326	1.325	1.325	1.324	1.323	1.322	1.321	1.320	1.319	1.318	1.318	1.317	1.316	1.315	1.314	1.314	1.313	1.312	1.312	1.311	1.310	1.310
87	2.764	2.365	2.148	2.011	1.915	1.843	1.787	1.742	1.705	1.673	1.646	1.622	1.602	1.583	1.567	1.552	1.539	1.527	1.516	1.505	1.496	1.487	1.479	1.471	1.464	1.458	1.451	1.445	1.440	1.435	1.430	1.425	1.420	1.416	1.412	1.408	1.404	1.401	1.398	1.394	1.391	1.388	1.385	1.383	1.380	1.377	1.375	1.372	1.370	1.368	1.366	1.364	1.362	1.360	1.358	1.356	1.354	1.353	1.351	1.349	1.348	1.346	1.345	1.343	1.342	1.340	1.339	1.338	1.336	1.335	1.334	1.333	1.332	1.330	1.329	1.328	1.327	1.326	1.325	1.324	1.323	1.322	1.321	1.320	1.320	1.319	1.318	1.317	1.316	1.315	1.315	1.314	1.313	1.312	1.312	1.311	1.310	1.310	1.309	1.308
88	2.763	2.364	2.147	2.010	1.914	1.842	1.786	1.741	1.704	1.672	1.645	1.622	1.601	1.583	1.566	1.551	1.538	1.526	1.515	1.504	1.495	1.486	1.478	1.470	1.463	1.457	1.450	1.444	1.439	1.434	1.429	1.424	1.419	1.415	1.411	1.407	1.403	1.400	1.396	1.393	1.390	1.387	1.384	1.381	1.379	1.376	1.374	1.371	1.369	1.367	1.365	1.363	1.361	1.359	1.357	1.355	1.353	1.351	1.350	1.348	1.346	1.345	1.343	1.342	1.341	1.339	1.338	1.336	1.335	1.334	1.333	1.332	1.330	1.329	1.328	1.327	1.326	1.325	1.324	1.323	1.322	1.321	1.320	1.319	1.318	1.317	1.317	1.316	1.315	1.314	1.313	1.313	1.312	1.311	1.310	1.310	1.309	1.308	1.308	1.307
89	2.763	2.363	2.146	2.009	1.913	1.841	1.785	1.740	1.703	1.671	1.644	1.621	1.600	1.582	1.565	1.550	1.537	1.525	1.514	1.503	1.494	1.485	1.477	1.469	1.462	1.456	1.449	1.443	1.438	1.433	1.428	1.423	1.418	1.414	1.410	1.406	1.402	1.399	1.395	1.392	1.389	1.386	1.383	1.380	1.378	1.375	1.373	1.370	1.368	1.366	1.364	1.361	1.359	1.357	1.356	1.354	1.352	1.350	1.349	1.347	1.345	1.344	1.342	1.341	1.339	1.338	1.337	1.335	1.334	1.333	1.332	1.330	1.329	1.328	1.327	1.326	1.325	1.324	1.323	1.322	1.321	1.320	1.319	1.318	1.317	1.316	1.315	1.315	1.314	1.313	1.312	1.311	1.311	1.310	1.309	1.308	1.308	1.307	1.306	1.306
90	2.762	2.363	2.146	2.008	1.912	1.841	1.785	1.739	1.702	1.670	1.643	1.620	1.599	1.581	1.564	1.550	1.536	1.524	1.513	1.503	1.493	1.484	1.476	1.468	1.461	1.455	1.448	1.442	1.437	1.432	1.427	1.422	1.417	1.413	1.409	1.405	1.401	1.398	1.394	1.391	1.388	1.385	1.382	1.379	1.377	1.374	1.372	1.369	1.367	1.365	1.362	1.360	1.358	1.356	1.354	1.353	1.351	1.349	1.347	1.346	1.344	1.343	1.341	1.340	1.338	1.337	1.335	1.334	1.333	1.332	1.330	1.329	1.328	1.327	1.326	1.325	1.324	1.323	1.322	1.321	1.320	1.319	1.318	1.317	1.316	1.315	1.314	1.313	1.313	1.312	1.311	1.310	1.309	1.309	1.308	1.307	1.306	1.306	1.305	1.304
91	2.761	2.362	2.145	2.008	1.912	1.840	1.784	1.739	1.701	1.670	1.643	1.619	1.598	1.580	1.564	1.549	1.535	1.523	1.512	1.502	1.492	1.483	1.475	1.467	1.460	1.454	1.447	1.441	1.436	1.431	1.426	1.421	1.416	1.412	1.408	1.404	1.400	1.397	1.393	1.390	1.387	1.384	1.381	1.378	1.376	1.373	1.370	1.368	1.366	1.364	1.361	1.359	1.357	1.355	1.353	1.351	1.350	1.348	1.346	1.345	1.343	1.341	1.340	1.339	1.337	1.336	1.334	1.333	1.332	1.330	1.329	1.328	1.327	1.326	1.325	1.324	1.322	1.321	1.320	1.319	1.318	1.317	1.317	1.316	1.315	1.314	1.313	1.312	1.311	1.311	1.310	1.309	1.308	1.307	1.307	1.306	1.305	1.305	1.304	1.303
92	2.761	2.361	2.144	2.007	1.911	1.839	1.783	1.738	1.701	1.669	1.642	1.618	1.598	1.579	1.563	1.548	1.534	1.522	1.511	1.501	1.491	1.482	1.474	1.467	1.459	1.453	1.446	1.441	1.435	1.430	1.425	1.420	1.415	1.411	1.407	1.403	1.399	1.396	1.392	1.389	1.386	1.383	1.380	1.377	1.375	1.372	1.369	1.367	1.365	1.362	1.360	1.358	1.356	1.354	1.352	1.350	1.349	1.347	1.345	1.344	1.342	1.340	1.339	1.337	1.336	1.335	1.333	1.332	1.331	1.329	1.328	1.327	1.326	1.325	1.323	1.322	1.321	1.320	1.319	1.318	1.317	1.316	1.315	1.314	1.314	1.313	1.312	1.311	1.310	1.309	1.309	1.308	1.307	1.306	1.306	1.305	1.304	1.303	1.303	1.302
93	2.760	2.361	2.144	2.006	1.910	1.838	1.782	1.737	1.700	1.668	1.641	1.617	1.597	1.578	1.562	1.547	1.534	1.521	1.510	1.500	1.490	1.482	1.473	1.466	1.459	1.452	1.446	1.440	1.434	1.429	1.424	1.419	1.414	1.410	1.406	1.402	1.398	1.395	1.391	1.388	1.385	1.382	1.379	1.376	1.374	1.371	1.368	1.366	1.364	1.361	1.359	1.357	1.355	1.353	1.351	1.349	1.348	1.346	1.344	1.342	1.341	1.339	1.338	1.336	1.335	1.334	1.332	1.331	1.330	1.328	1.327	1.326	1.325	1.324	1.322	1.321	1.320	1.319	1.318	1.317	1.316	1.315	1.314	1.313	1.312	1.312	1.311	1.310	1.309	1.308	1.307	1.307	1.306	1.305	1.304	1.304	1.303	1.302	1.302	1.301
94	2.760	2.360	2.143	2.006	1.910	1.838	1.782	1.736	1.699	1.667	1.640	1.617	1.596	1.578	1.561	1.546	1.533	1.521	1.509	1.499	1.490	1.481	1.472	1.465	1.458	1.451	1.445	1.439	1.433	1.428	1.423	1.418	1.413	1.409	1.405	1.401	1.397	1.394	1.390	1.387	1.384	1.381	1.378	1.375	1.373	1.370	1.367	1.365	1.363	1.360	1.358	1.356	1.354	1.352	1.350	1.348	1.347	1.345	1.343	1.341	1.340	1.338	1.337	1.335	1.334	1.332	1.331	1.330	1.328	1.327	1.326	1.325	1.324	1.322	1.321	1.320	1.319	1.318	1.317	1.316	1.315	1.314	1.313	1.312	1.311	1.310	1.310	1.309	1.308	1.307	1.306	1.306	1.305	1.304	1.303	1.303	1.302	1.301	1.300	1.300
95	2.759	2.359	2.142	2.005	1.909	1.837	1.781	1.736	1.698	1.667	1.640	1.616	1.595	1.577	1.560	1.545	1.532	1.520	1.509	1.498	1.489	1.480	1.472	1.464	1.457	1.450	1.444	1.438	1.432	1.427	1.422	1.417	1.413	1.408	1.404	1.400	1.396	1.393	1.389	1.386	1.383	1.380	1.377	1.374	1.372	1.369	1.366	1.364	1.362	1.359	1.357	1.355	1.353	1.351	1.349	1.347	1.346	1.344	1.342	1.340	1.339	1.337	1.336	1.334	1.333	1.331	1.330	1.329	1.327	1.326	1.325	1.324	1.323	1.321	1.320	1.319	1.318	1.317	1.316	1.315	1.314	1.313	1.312	1.311	1.310	1.309	1.309	1.308	1.307	1.306	1.305	1.304	1.304	1.303	1.302	1.301	1.301	1.300	1.299	1.299
96	2.759	2.359	2.142	2.004	1.908	1.836	1.780	1.735	1.698	1.666	1.639	1.615	1.594	1.576	1.560	1.545	1.531	1.519	1.508	1.497	1.488	1.479	1.471	1.463	1.456	1.449	1.443	1.437	1.431	1.426	1.421	1.416	1.412	1.407	1.403	1.399	1.396	1.392	1.389	1.385	1.382	1.379	1.376	1.373	1.371	1.368	1.366	1.363	1.361	1.358	1.356	1.354	1.352	1.350	1.348	1.346	1.345	1.343	1.341	1.339	1.338	1.336	1.335	1.333	1.332	1.330	1.329	1.328	1.326	1.325	1.324	1.323	1.322	1.320	1.319	1.318	1.317	1.316	1.315	1.314	1.313	1.312	1.311	1.310	1.309	1.308	1.307	1.307	1.306	1.305	1.304	1.303	1.303	1.302	1.301	1.300	1.300	1.299	1.298	1.298
97	2.758	2.358	2.141	2.004	1.908	1.836	1.780	1.734	1.697	1.665	1.638	1.614	1.594	1.575	1.559	1.544	1.530	1.518	1.507	1.497	1.487	1.478	1.470	1.462	1.455	1.448	1.442	1.436	1.430	1.425	1.420	1.415	1.411	1.406	1.402	1.398	1.395	1.391	1.388	1.384	1.381	1.378	1.375	1.372	1.370	1.367	1.365	1.362	1.360	1.358	1.355	1.353	1.351	1.349	1.347	1.345	1.344	1.342	1.340	1.338	1.337	1.335	1.334	1.332	1.331	1.329	1.328	1.327	1.325	1.324	1.323	1.322	1.320	1.319	1.318	1.317	1.316	1.315	1.314	1.313	1.312	1.311	1.310	1.309	1.308	1.307	1.306	1.306	1.305	1.304	1.303	1.302	1.302	1.301	1.300	1.299	1.299	1.298	1.297	1.297
98	2.757	2.358	2.141	2.003	1.907	1.835	1.779	1.734	1.696	1.665	1.637	1.614	1.593	1.575	1.558	1.543	1.530	1.517	1.506	1.496	1.486	1.477	1.469	1.462	1.454	1.448	1.441	1.435	1.430	1.424	1.419	1.414	1.410	1.406	1.401	1.398	1.394	1.390	1.387	1.383	1.380	1.377	1.374	1.371	1.369	1.366	1.364	1.361	1.359	1.357	1.354	1.352	1.350	1.348	1.346	1.344	1.343	1.341	1.339	1.338	1.336	1.334	1.333	1.331	1.330	1.328	1.327	1.326	1.324	1.323	1.322	1.321	1.319	1.318	1.317	1.316	1.315	1.314	1.313	1.312	1.311	1.310	1.309	1.308	1.307	1.306	1.305	1.305	1.304	1.303	1.302	1.301	1.301	1.300	1.299	1.298	1.298	1.297	1.296	1.295
99	2.757	2.357	2.140	2.003	1.906	1.835	1.778	1.733	1.696	1.664	1.637	1.613	1.592	1.574	1.557	1.542	1.529	1.517	1.505	1.495	1.486	1.477	1.468	1.461	1.454	1.447	1.440	1.434	1.429	1.423	1.418	1.414	1.409	1.405	1.401	1.397	1.393	1.389	1.386	1.383	1.379	1.376	1.373	1.371	1.368	1.365	1.363	1.360	1.358	1.356	1.354	1.351	1.349	1.347	1.345	1.344	1.342	1.340	1.338	1.337	1.335	1.333	1.332	1.330	1.329	1.327	1.326	1.325	1.323	1.322	1.321	1.320	1.319	1.317	1.316	1.315	1.314	1.313	1.312	1.311	1.310	1.309	1.308	1.307	1.306	1.305	1.304	1.304	1.303	1.302	1.301	1.300	1.300	1.299	1.298	1.297	1.297	1.296	1.295	1.294
100	2.756	2.356	2.139	2.002	1.906	1.834	1.778	1.732	1.695	1.663	1.636	1.612	1.592	1.573	1.557	1.542	1.528	1.516	1.505	1.494	1.485	1.476	1.468	1.460	1.453	1.446	1.440	1.434	1.428	1.423	1.418	1.413	1.408	1.404	1.400	1.396	1.392	1.388	1.385	1.382	1.379	1.375	1.373	1.370	1.367	1.364	1.362	1.359	1.357	1.355	1.353	1.350	1.348	1.346	1.344	1.343	1.341	1.339	1.337	1.336	1.334	1.332	1.331	1.329	1.328	1.327	1.325	1.324	1.323	1.321	1.320	1.319	1.318	1.316	1.315	1.314	1.313	1.312	1.311	1.310	1.309	1.308	1.307	1.306	1.305	1.304	1.303	1.303	1.302	1.301	1.300	1.299	1.299	1.298	1.297	1.296	1.296	1.295	1.294	1.293
